   1.5212412e-01   2.0697767e-01   1.7581424e-01   1.2282744e-01   9.3356397e-02   5.6339445e-02   4.5419806e-02   3.4469528e-02   6.3355143e-02   8.0007072e-02   8.9777597e-02   1.2544281e-01
   1.5132459e-01   2.0564552e-01   1.7525025e-01   1.1739902e-01   8.5565155e-02   5.3434764e-02   4.6352839e-02   3.6185449e-02   6.0531835e-02   7.8463581e-02   8.6133199e-02   1.2443407e-01
   1.5064353e-01   2.0457783e-01   1.7491151e-01   1.1272545e-01   7.8605938e-02   5.0717282e-02   4.7084473e-02   3.7661216e-02   5.7892398e-02   7.7082649e-02   8.2816274e-02   1.2355869e-01
   1.5007570e-01   2.0376019e-01   1.7478314e-01   1.0876681e-01   7.2442807e-02   4.8188628e-02   4.7638604e-02   3.8917501e-02   5.5437806e-02   7.5859986e-02   7.9815912e-02   1.2281155e-01
   1.4961596e-01   2.0317858e-01   1.7485077e-01   1.0548432e-01   6.7040690e-02   4.5850046e-02   4.8037991e-02   3.9974109e-02   5.3168705e-02   7.4791293e-02   7.7121348e-02   1.2218761e-01
   1.4925929e-01   2.0281938e-01   1.7510050e-01   1.0284044e-01   6.2365374e-02   4.3702402e-02   4.8304283e-02   4.0850006e-02   5.1085424e-02   7.3872264e-02   7.4721968e-02   1.2168188e-01
   1.4900074e-01   2.0266938e-01   1.7551892e-01   1.0079875e-01   5.8383488e-02   4.1746200e-02   4.8458046e-02   4.1563325e-02   4.9187987e-02   7.3098583e-02   7.2607304e-02   1.2128946e-01
   1.4883545e-01   2.0271575e-01   1.7609308e-01   9.9323957e-02   5.5062499e-02   3.9981593e-02   4.8518786e-02   4.2131394e-02   4.7476120e-02   7.2465931e-02   7.0767040e-02   1.2100553e-01
   1.4875869e-01   2.0294604e-01   1.7681050e-01   9.8381908e-02   5.2370692e-02   3.8408393e-02   4.8504978e-02   4.2570750e-02   4.5949265e-02   7.1969988e-02   6.9191007e-02   1.2082534e-01
   1.4876580e-01   2.0334819e-01   1.7765913e-01   9.7939532e-02   5.0277165e-02   3.7026085e-02   4.8434091e-02   4.2897159e-02   4.4606585e-02   7.1606434e-02   6.7869186e-02   1.2074421e-01
   1.4885222e-01   2.0391050e-01   1.7862739e-01   9.7964835e-02   4.8751812e-02   3.5833836e-02   4.8322611e-02   4.3125629e-02   4.3446976e-02   7.1370951e-02   6.6791708e-02   1.2075754e-01
   1.4901346e-01   2.0462164e-01   1.7970411e-01   9.8426879e-02   4.7765319e-02   3.4830509e-02   4.8186066e-02   4.3270433e-02   4.2469077e-02   7.1259227e-02   6.5948852e-02   1.2086082e-01
   1.4924517e-01   2.0547062e-01   1.8087856e-01   9.9295762e-02   4.7289145e-02   3.4014671e-02   4.8039053e-02   4.3345126e-02   4.1671279e-02   7.1266958e-02   6.5331048e-02   1.2104958e-01
   1.4954306e-01   2.0644682e-01   1.8214042e-01   1.0054260e-01   4.7295516e-02   3.3384609e-02   4.7895260e-02   4.3362556e-02   4.1051733e-02   7.1389848e-02   6.4928877e-02   1.2131946e-01
   1.4990293e-01   2.0753996e-01   1.8347977e-01   1.0213950e-01   4.7757411e-02   3.2938333e-02   4.7767492e-02   4.3334890e-02   4.0608361e-02   7.1623614e-02   6.4733066e-02   1.2166616e-01
   1.5032069e-01   2.0874010e-01   1.8488709e-01   1.0405956e-01   4.8648553e-02   3.2673596e-02   4.7667691e-02   4.3273625e-02   4.0338864e-02   7.1963987e-02   6.4734494e-02   1.2208545e-01
   1.5079232e-01   2.1003764e-01   1.8635327e-01   1.0627683e-01   4.9943396e-02   3.2587896e-02   4.7606965e-02   4.3189605e-02   4.0240731e-02   7.2406712e-02   6.4924192e-02   1.2257318e-01
   1.5131390e-01   2.1142329e-01   1.8786956e-01   1.0876629e-01   5.1617116e-02   3.2678495e-02   4.7595607e-02   4.3093040e-02   4.0311250e-02   7.2947554e-02   6.5293336e-02   1.2312528e-01
   1.5188160e-01   2.1288809e-01   1.8942760e-01   1.1150387e-01   5.3645599e-02   3.2942421e-02   4.7643121e-02   4.2993522e-02   4.0547512e-02   7.3582297e-02   6.5833256e-02   1.2373775e-01
   1.5249167e-01   2.1442340e-01   1.9101938e-01   1.1446639e-01   5.6005431e-02   3.3376484e-02   4.7758242e-02   4.2900040e-02   4.0946424e-02   7.4306748e-02   6.6535429e-02   1.2440667e-01
   1.5314047e-01   2.1602089e-01   1.9263726e-01   1.1763154e-01   5.8673885e-02   3.3977284e-02   4.7948961e-02   4.2820995e-02   4.1504716e-02   7.5116737e-02   6.7391483e-02   1.2512818e-01
   1.5382442e-01   2.1767253e-01   1.9427394e-01   1.2097789e-01   6.1628913e-02   3.4741222e-02   4.8222545e-02   4.2764218e-02   4.2218950e-02   7.6008121e-02   6.8393196e-02   1.2589852e-01
   1.5454004e-01   2.1937058e-01   1.9592247e-01   1.2448488e-01   6.4849136e-02   3.5664508e-02   4.8585560e-02   4.2736987e-02   4.3085526e-02   7.6976783e-02   6.9532493e-02   1.2671397e-01
   1.5528393e-01   2.2110760e-01   1.9757623e-01   1.2813276e-01   6.8313830e-02   3.6743173e-02   4.9043897e-02   4.2746037e-02   4.4100694e-02   7.8018638e-02   7.0801452e-02   1.2757092e-01
   1.5605278e-01   2.2287645e-01   1.9922893e-01   1.3190259e-01   7.2002918e-02   3.7973077e-02   4.9602784e-02   4.2797584e-02   4.5260559e-02   7.9129630e-02   7.2192297e-02   1.2846580e-01
   1.5684337e-01   2.2467025e-01   2.0087460e-01   1.3577625e-01   7.5896960e-02   3.9349917e-02   5.0266817e-02   4.2897329e-02   4.6561090e-02   8.0305738e-02   7.3697403e-02   1.2939514e-01
   1.5765255e-01   2.2648241e-01   2.0250758e-01   1.3973638e-01   7.9977142e-02   4.0869242e-02   5.1039975e-02   4.3050485e-02   4.7998128e-02   8.1542975e-02   7.5309291e-02   1.3035554e-01
   1.5847726e-01   2.2830660e-01   2.0412249e-01   1.4376639e-01   8.4225264e-02   4.2526455e-02   5.1925643e-02   4.3261782e-02   4.9567393e-02   8.2837391e-02   7.7020634e-02   1.3134366e-01
   1.5931453e-01   2.3013676e-01   2.0571429e-01   1.4785044e-01   8.8623733e-02   4.4316827e-02   5.2926632e-02   4.3535487e-02   5.1264493e-02   8.4185075e-02   7.8824251e-02   1.3235625e-01
   1.6016146e-01   2.3196708e-01   2.0727820e-01   1.5197341e-01   9.3155552e-02   4.6235504e-02   5.4045201e-02   4.3875419e-02   5.3084931e-02   8.5582155e-02   8.0713110e-02   1.3339012e-01
   1.6101523e-01   2.3379202e-01   2.0880972e-01   1.5612091e-01   9.7804308e-02   4.8277515e-02   5.5283073e-02   4.4284959e-02   5.5024111e-02   8.7024800e-02   8.2680326e-02   1.3444215e-01
   1.6187312e-01   2.3560628e-01   2.1030464e-01   1.6027922e-01   1.0255416e-01   5.0437784e-02   5.6641460e-02   4.4767067e-02   5.7077347e-02   8.8509224e-02   8.4719162e-02   1.3550932e-01
   1.6273246e-01   2.3740481e-01   2.1175900e-01   1.6443534e-01   1.0738985e-01   5.2711135e-02   5.8121076e-02   4.5324298e-02   5.9239871e-02   9.0031685e-02   8.6823028e-02   1.3658865e-01
   1.6359069e-01   2.3918278e-01   2.1316911e-01   1.6857689e-01   1.1229665e-01   5.5092301e-02   5.9722165e-02   4.5958811e-02   6.1506837e-02   9.1588486e-02   8.8985481e-02   1.3767724e-01
   1.6444531e-01   2.4093562e-01   2.1453153e-01   1.7269216e-01   1.1726039e-01   5.7575934e-02   6.1444510e-02   4.6672388e-02   6.3873331e-02   9.3175979e-02   9.1200223e-02   1.3877228e-01
   1.6529391e-01   2.4265896e-01   2.1584307e-01   1.7677008e-01   1.2226744e-01   6.0156611e-02   6.3287459e-02   4.7466442e-02   6.6334375e-02   9.4790565e-02   9.3461104e-02   1.3987102e-01
   1.6613413e-01   2.4434867e-01   2.1710078e-01   1.8080018e-01   1.2730470e-01   6.2828845e-02   6.5249943e-02   4.8342034e-02   6.8884938e-02   9.6428694e-02   9.5762119e-02   1.4097078e-01
   1.6696371e-01   2.4600083e-01   2.1830193e-01   1.8477261e-01   1.3235958e-01   6.5587087e-02   6.7330489e-02   4.9299887e-02   7.1519936e-02   9.8086868e-02   9.8097407e-02   1.4206894e-01
   1.6778048e-01   2.4761174e-01   2.1944403e-01   1.8867808e-01   1.3741999e-01   6.8425742e-02   6.9527243e-02   5.0340395e-02   7.4234248e-02   9.9761645e-02   1.0046125e-01   1.4316298e-01
   1.6858230e-01   2.4917791e-01   2.2052480e-01   1.9250789e-01   1.4247435e-01   7.1339169e-02   7.1837986e-02   5.1463638e-02   7.7022712e-02   1.0144963e-01   1.0284809e-01   1.4425042e-01
   1.6936715e-01   2.5069604e-01   2.2154217e-01   1.9625390e-01   1.4751157e-01   7.4321693e-02   7.4260153e-02   5.2669397e-02   7.9880138e-02   1.0314750e-01   1.0525248e-01   1.4532888e-01
   1.7013306e-01   2.5216303e-01   2.2249430e-01   1.9990850e-01   1.5252105e-01   7.7367610e-02   7.6790847e-02   5.3957162e-02   8.2801315e-02   1.0485197e-01   1.0766914e-01   1.4639602e-01
   1.7087813e-01   2.5357599e-01   2.2337951e-01   2.0346461e-01   1.5749262e-01   8.0471197e-02   7.9426858e-02   5.5326147e-02   8.5781010e-02   1.0655981e-01   1.1009294e-01   1.4744960e-01
   1.7160055e-01   2.5493221e-01   2.2419636e-01   2.0691566e-01   1.6241662e-01   8.3626714e-02   8.2164681e-02   5.6775301e-02   8.8813981e-02   1.0826788e-01   1.1251887e-01   1.4848742e-01
   1.7229856e-01   2.5622914e-01   2.2494355e-01   2.1025558e-01   1.6728381e-01   8.6828418e-02   8.5000528e-02   5.8303322e-02   9.1894982e-02   1.0997307e-01   1.1494208e-01   1.4950737e-01
   1.7297048e-01   2.5746445e-01   2.2562000e-01   2.1347878e-01   1.7208542e-01   9.0070561e-02   8.7930351e-02   5.9908667e-02   9.5018765e-02   1.1167235e-01   1.1735785e-01   1.5050741e-01
   1.7361471e-01   2.5863596e-01   2.2622478e-01   2.1658016e-01   1.7681308e-01   9.3347407e-02   9.0949852e-02   6.1589563e-02   9.8180088e-02   1.1336272e-01   1.1976159e-01   1.5148555e-01
   1.7422971e-01   2.5974166e-01   2.2675713e-01   2.1955504e-01   1.8145889e-01   9.6653228e-02   9.4054501e-02   6.3344020e-02   1.0137372e-01   1.1504129e-01   1.2214888e-01   1.5243988e-01
   1.7481401e-01   2.6077972e-01   2.2721648e-01   2.2239920e-01   1.8601532e-01   9.9982319e-02   9.7239551e-02   6.5169841e-02   1.0459445e-01   1.1670521e-01   1.2451542e-01   1.5336855e-01
   1.7536620e-01   2.6174846e-01   2.2760239e-01   2.2510886e-01   1.9047529e-01   1.0332900e-01   1.0050005e-01   6.7064635e-02   1.0783708e-01   1.1835169e-01   1.2685704e-01   1.5426980e-01
   1.7588495e-01   2.6264636e-01   2.2791458e-01   2.2768065e-01   1.9483209e-01   1.0668762e-01   1.0383088e-01   6.9025826e-02   1.1109646e-01   1.1997801e-01   1.2916973e-01   1.5514192e-01
   1.7636899e-01   2.6347204e-01   2.2815291e-01   2.3011158e-01   1.9907942e-01   1.1005257e-01   1.0722671e-01   7.1050665e-02   1.1436744e-01   1.2158152e-01   1.3144959e-01   1.5598325e-01
   1.7681711e-01   2.6422430e-01   2.2831740e-01   2.3239908e-01   2.0321136e-01   1.1341828e-01   1.1068209e-01   7.3136239e-02   1.1764494e-01   1.2315964e-01   1.3369289e-01   1.5679223e-01
   1.7722817e-01   2.6490204e-01   2.2840817e-01   2.3454094e-01   2.0722235e-01   1.1677923e-01   1.1419141e-01   7.5279483e-02   1.2092391e-01   1.2470986e-01   1.3589599e-01   1.5756734e-01
   1.7760111e-01   2.6550435e-01   2.2842551e-01   2.3653531e-01   2.1110722e-01   1.2012997e-01   1.1774894e-01   7.7477191e-02   1.2419933e-01   1.2622974e-01   1.3805544e-01   1.5830713e-01
   1.7793490e-01   2.6603041e-01   2.2836980e-01   2.3838070e-01   2.1486113e-01   1.2346508e-01   1.2134882e-01   7.9726023e-02   1.2746626e-01   1.2771689e-01   1.4016787e-01   1.5901024e-01
   1.7822860e-01   2.6647955e-01   2.2824156e-01   2.4007596e-01   2.1847962e-01   1.2677924e-01   1.2498509e-01   8.2022517e-02   1.3071979e-01   1.2916901e-01   1.4223008e-01   1.5967533e-01
   1.7848132e-01   2.6685124e-01   2.2804141e-01   2.4162026e-01   2.2195855e-01   1.3006717e-01   1.2865172e-01   8.4363101e-02   1.3395510e-01   1.3058388e-01   1.4423898e-01   1.6030116e-01
   1.7869224e-01   2.6714506e-01   2.2777009e-01   2.4301308e-01   2.2529412e-01   1.3332368e-01   1.3234258e-01   8.6744098e-02   1.3716741e-01   1.3195933e-01   1.4619163e-01   1.6088654e-01
   1.7886058e-01   2.6736070e-01   2.2742843e-01   2.4425421e-01   2.2848285e-01   1.3654367e-01   1.3605150e-01   8.9161736e-02   1.4035203e-01   1.3329327e-01   1.4808521e-01   1.6143035e-01
   1.7898565e-01   2.6749799e-01   2.2701737e-01   2.4534373e-01   2.3152159e-01   1.3972212e-01   1.3977222e-01   9.1612162e-02   1.4350431e-01   1.3458369e-01   1.4991702e-01   1.6193151e-01
   1.7906678e-01   2.6755685e-01   2.2653794e-01   2.4628201e-01   2.3440750e-01   1.4285408e-01   1.4349849e-01   9.4091446e-02   1.4661971e-01   1.3582864e-01   1.5168451e-01   1.6238902e-01
   1.7910340e-01   2.6753732e-01   2.2599125e-01   2.4706966e-01   2.3713803e-01   1.4593473e-01   1.4722400e-01   9.6595592e-02   1.4969376e-01   1.3702627e-01   1.5338524e-01   1.6280196e-01
   1.7909497e-01   2.6743954e-01   2.2537850e-01   2.4770757e-01   2.3971092e-01   1.4895932e-01   1.5094243e-01   9.9120546e-02   1.5272208e-01   1.3817477e-01   1.5501690e-01   1.6316943e-01
   1.7904102e-01   2.6726374e-01   2.2470097e-01   2.4819687e-01   2.4212422e-01   1.5192322e-01   1.5464747e-01   1.0166221e-01   1.5570037e-01   1.3927243e-01   1.5657731e-01   1.6349062e-01
   1.7894111e-01   2.6701027e-01   2.2396002e-01   2.4853892e-01   2.4437624e-01   1.5482190e-01   1.5833280e-01   1.0421643e-01   1.5862442e-01   1.4031761e-01   1.5806442e-01   1.6376477e-01
   1.7879489e-01   2.6667955e-01   2.2315707e-01   2.4873530e-01   2.4646557e-01   1.5765095e-01   1.6199212e-01   1.0677904e-01   1.6149013e-01   1.4130874e-01   1.5947629e-01   1.6399118e-01
   1.7860205e-01   2.6627211e-01   2.2229361e-01   2.4878783e-01   2.4839106e-01   1.6040606e-01   1.6561917e-01   1.0934584e-01   1.6429348e-01   1.4224432e-01   1.6081110e-01   1.6416921e-01
   1.7836231e-01   2.6578855e-01   2.2137118e-01   2.4869849e-01   2.5015183e-01   1.6308306e-01   1.6920773e-01   1.1191260e-01   1.6703057e-01   1.4312295e-01   1.6206716e-01   1.6429827e-01
   1.7807549e-01   2.6522956e-01   2.2039140e-01   2.4846948e-01   2.5174722e-01   1.6567788e-01   1.7275160e-01   1.1447512e-01   1.6969760e-01   1.4394329e-01   1.6324291e-01   1.6437784e-01
   1.7774141e-01   2.6459590e-01   2.1935591e-01   2.4810319e-01   2.5317685e-01   1.6818660e-01   1.7624468e-01   1.1702915e-01   1.7229087e-01   1.4470407e-01   1.6433690e-01   1.6440746e-01
   1.7735998e-01   2.6388842e-01   2.1826644e-01   2.4760216e-01   2.5444055e-01   1.7060541e-01   1.7968091e-01   1.1957047e-01   1.7480680e-01   1.4540410e-01   1.6534778e-01   1.6438670e-01
   1.7693114e-01   2.6310803e-01   2.1712472e-01   2.4696909e-01   2.5553838e-01   1.7293065e-01   1.8305431e-01   1.2209489e-01   1.7724192e-01   1.4604228e-01   1.6627434e-01   1.6431522e-01
   1.7645488e-01   2.6225572e-01   2.1593255e-01   2.4620687e-01   2.5647064e-01   1.7515879e-01   1.8635901e-01   1.2459822e-01   1.7959287e-01   1.4661758e-01   1.6711549e-01   1.6419272e-01
   1.7593126e-01   2.6133254e-01   2.1469175e-01   2.4531849e-01   2.5723782e-01   1.7728642e-01   1.8958921e-01   1.2707628e-01   1.8185643e-01   1.4712904e-01   1.6787022e-01   1.6401894e-01
   1.7536034e-01   2.6033959e-01   2.1340419e-01   2.4430710e-01   2.5784063e-01   1.7931030e-01   1.9273922e-01   1.2952497e-01   1.8402949e-01   1.4757578e-01   1.6853768e-01   1.6379369e-01
   1.7474229e-01   2.5927805e-01   2.1207176e-01   2.4317596e-01   2.5827999e-01   1.8122731e-01   1.9580347e-01   1.3194019e-01   1.8610905e-01   1.4795700e-01   1.6911708e-01   1.6351685e-01
   1.7407727e-01   2.5814914e-01   2.1069635e-01   2.4192846e-01   2.5855699e-01   1.8303451e-01   1.9877650e-01   1.3431790e-01   1.8809225e-01   1.4827198e-01   1.6960779e-01   1.6318831e-01
   1.7336551e-01   2.5695416e-01   2.0927992e-01   2.4056810e-01   2.5867293e-01   1.8472907e-01   2.0165301e-01   1.3665412e-01   1.8997637e-01   1.4852007e-01   1.7000926e-01   1.6280804e-01
   1.7260729e-01   2.5569442e-01   2.0782441e-01   2.3909845e-01   2.5862928e-01   1.8630834e-01   2.0442778e-01   1.3894492e-01   1.9175879e-01   1.4870069e-01   1.7032106e-01   1.6237607e-01
   1.7180291e-01   2.5437131e-01   2.0633179e-01   2.3752321e-01   2.5842768e-01   1.8776981e-01   2.0709580e-01   1.4118643e-01   1.9343705e-01   1.4881336e-01   1.7054285e-01   1.6189246e-01
   1.7095275e-01   2.5298625e-01   2.0480404e-01   2.3584612e-01   2.5806996e-01   1.8911113e-01   2.0965214e-01   1.4337487e-01   1.9500881e-01   1.4885765e-01   1.7067441e-01   1.6135733e-01
   1.7005718e-01   2.5154070e-01   2.0324313e-01   2.3407103e-01   2.5755809e-01   1.9033011e-01   2.1209210e-01   1.4550652e-01   1.9647186e-01   1.4883322e-01   1.7071562e-01   1.6077084e-01
   1.6911666e-01   2.5003617e-01   2.0165107e-01   2.3220184e-01   2.5689420e-01   1.9142471e-01   2.1441108e-01   1.4757775e-01   1.9782415e-01   1.4873980e-01   1.7066646e-01   1.6013321e-01
   1.6813166e-01   2.4847420e-01   2.0002983e-01   2.3024251e-01   2.5608057e-01   1.9239307e-01   2.1660470e-01   1.4958499e-01   1.9906375e-01   1.4857721e-01   1.7052703e-01   1.5944470e-01
   1.6710270e-01   2.4685635e-01   1.9838141e-01   2.2819704e-01   2.5511963e-01   1.9323346e-01   2.1866872e-01   1.5152481e-01   2.0018887e-01   1.4834532e-01   1.7029749e-01   1.5870563e-01
   1.6603034e-01   2.4518424e-01   1.9670780e-01   2.2606948e-01   2.5401393e-01   1.9394436e-01   2.2059910e-01   1.5339383e-01   2.0119787e-01   1.4804410e-01   1.6997814e-01   1.5791634e-01
   1.6491517e-01   2.4345948e-01   1.9501096e-01   2.2386393e-01   2.5276617e-01   1.9452436e-01   2.2239199e-01   1.5518879e-01   2.0208925e-01   1.4767356e-01   1.6956935e-01   1.5707725e-01
   1.6375781e-01   2.4168375e-01   1.9329287e-01   2.2158449e-01   2.5137916e-01   1.9497227e-01   2.2404373e-01   1.5690654e-01   2.0286164e-01   1.4723383e-01   1.6907158e-01   1.5618879e-01
   1.6255894e-01   2.3985871e-01   1.9155547e-01   2.1923530e-01   2.4985585e-01   1.9528703e-01   2.2555085e-01   1.5854403e-01   2.0351383e-01   1.4672508e-01   1.6848542e-01   1.5525146e-01
   1.6131926e-01   2.3798606e-01   1.8980071e-01   2.1682051e-01   2.4819927e-01   1.9546776e-01   2.2691009e-01   1.6009834e-01   2.0404476e-01   1.4614756e-01   1.6781151e-01   1.5426579e-01
   1.6003949e-01   2.3606752e-01   1.8803049e-01   2.1434428e-01   2.4641259e-01   1.9551375e-01   2.2811840e-01   1.6156663e-01   2.0445349e-01   1.4550159e-01   1.6705061e-01   1.5323236e-01
   1.5872040e-01   2.3410483e-01   1.8624671e-01   2.1181076e-01   2.4449907e-01   1.9542446e-01   2.2917294e-01   1.6294623e-01   2.0473926e-01   1.4478757e-01   1.6620354e-01   1.5215179e-01
   1.5736280e-01   2.3209973e-01   1.8445126e-01   2.0922411e-01   2.4246205e-01   1.9519951e-01   2.3007108e-01   1.6423455e-01   2.0490142e-01   1.4400597e-01   1.6527124e-01   1.5102474e-01
   1.5596750e-01   2.3005398e-01   1.8264596e-01   2.0658846e-01   2.4030499e-01   1.9483871e-01   2.3081042e-01   1.6542917e-01   2.0493950e-01   1.4315732e-01   1.6425472e-01   1.4985190e-01
   1.5453538e-01   2.2796934e-01   1.8083265e-01   2.0390793e-01   2.3803142e-01   1.9434201e-01   2.3138877e-01   1.6652777e-01   2.0485315e-01   1.4224223e-01   1.6315507e-01   1.4863401e-01
   1.5306732e-01   2.2584758e-01   1.7901310e-01   2.0118663e-01   2.3564494e-01   1.9370955e-01   2.3180418e-01   1.6752818e-01   2.0464219e-01   1.4126137e-01   1.6197346e-01   1.4737185e-01
   1.5156423e-01   2.2369048e-01   1.7718907e-01   1.9842863e-01   2.3314925e-01   1.9294165e-01   2.3205491e-01   1.6842835e-01   2.0430658e-01   1.4021549e-01   1.6071115e-01   1.4606624e-01
   1.5002707e-01   2.2149982e-01   1.7536229e-01   1.9563795e-01   2.3054810e-01   1.9203877e-01   2.3213949e-01   1.6922640e-01   2.0384642e-01   1.3910539e-01   1.5936948e-01   1.4471802e-01
   1.4845680e-01   2.1927738e-01   1.7353442e-01   1.9281859e-01   2.2784531e-01   1.9100156e-01   2.3205663e-01   1.6992057e-01   2.0326196e-01   1.3793195e-01   1.5794985e-01   1.4332809e-01
   1.4685441e-01   2.1702493e-01   1.7170713e-01   1.8997449e-01   2.2504476e-01   1.8983084e-01   2.3180533e-01   1.7050926e-01   2.0255360e-01   1.3669612e-01   1.5645377e-01   1.4189735e-01
   1.4522094e-01   2.1474425e-01   1.6988200e-01   1.8710956e-01   2.2215037e-01   1.8852758e-01   2.3138480e-01   1.7099100e-01   2.0172189e-01   1.3539891e-01   1.5488277e-01   1.4042678e-01
   1.4355743e-01   2.1243710e-01   1.6806060e-01   1.8422763e-01   2.1916614e-01   1.8709293e-01   2.3079449e-01   1.7136449e-01   2.0076752e-01   1.3404137e-01   1.5323851e-01   1.3891736e-01
   1.4186493e-01   2.1010525e-01   1.6624445e-01   1.8133248e-01   2.1609609e-01   1.8552822e-01   2.3003410e-01   1.7162856e-01   1.9969131e-01   1.3262464e-01   1.5152268e-01   1.3737010e-01
   1.4014456e-01   2.0775044e-01   1.6443501e-01   1.7842782e-01   2.1294429e-01   1.8383492e-01   2.2910357e-01   1.7178221e-01   1.9849427e-01   1.3114993e-01   1.4973704e-01   1.3578607e-01
   1.3839740e-01   2.0537442e-01   1.6263371e-01   1.7551730e-01   2.0971483e-01   1.8201467e-01   2.2800310e-01   1.7182460e-01   1.9717749e-01   1.2961848e-01   1.4788345e-01   1.3416634e-01
   1.3662461e-01   2.0297892e-01   1.6084193e-01   1.7260450e-01   2.0641186e-01   1.8006928e-01   2.2673310e-01   1.7175502e-01   1.9574227e-01   1.2803161e-01   1.4596379e-01   1.3251203e-01
   1.3482732e-01   2.0056563e-01   1.5906098e-01   1.6969290e-01   2.0303951e-01   1.7800072e-01   2.2529427e-01   1.7157295e-01   1.9418999e-01   1.2639068e-01   1.4398003e-01   1.3082428e-01
   1.3300671e-01   1.9813627e-01   1.5729215e-01   1.6678591e-01   1.9960198e-01   1.7581112e-01   2.2368751e-01   1.7127800e-01   1.9252221e-01   1.2469714e-01   1.4193420e-01   1.2910425e-01
   1.3116396e-01   1.9569251e-01   1.5553664e-01   1.6388685e-01   1.9610346e-01   1.7350276e-01   2.2191401e-01   1.7086995e-01   1.9074062e-01   1.2295247e-01   1.3982837e-01   1.2735314e-01
   1.2930027e-01   1.9323600e-01   1.5379563e-01   1.6099897e-01   1.9254816e-01   1.7107809e-01   2.1997516e-01   1.7034876e-01   1.8884704e-01   1.2115820e-01   1.3766469e-01   1.2557218e-01
   1.2741686e-01   1.9076840e-01   1.5207023e-01   1.5812541e-01   1.8894028e-01   1.6853971e-01   2.1787265e-01   1.6971453e-01   1.8684343e-01   1.1931594e-01   1.3544534e-01   1.2376260e-01
   1.2551497e-01   1.8829131e-01   1.5036149e-01   1.5526920e-01   1.8528405e-01   1.6589035e-01   2.1560835e-01   1.6896751e-01   1.8473188e-01   1.1742733e-01   1.3317257e-01   1.2192568e-01
   1.2359584e-01   1.8580634e-01   1.4867042e-01   1.5243329e-01   1.8158368e-01   1.6313292e-01   2.1318443e-01   1.6810814e-01   1.8251463e-01   1.1549406e-01   1.3084868e-01   1.2006271e-01
   1.2166072e-01   1.8331504e-01   1.4699794e-01   1.4962054e-01   1.7784339e-01   1.6027047e-01   2.1060328e-01   1.6713701e-01   1.8019402e-01   1.1351788e-01   1.2847600e-01   1.1817499e-01
   1.1971089e-01   1.8081897e-01   1.4534495e-01   1.4683367e-01   1.7406738e-01   1.5730619e-01   2.0786751e-01   1.6605485e-01   1.7777255e-01   1.1150059e-01   1.2605694e-01   1.1626388e-01
   1.1774763e-01   1.7831963e-01   1.4371227e-01   1.4407532e-01   1.7025984e-01   1.5424340e-01   2.0498000e-01   1.6486259e-01   1.7525283e-01   1.0944403e-01   1.2359392e-01   1.1433071e-01
   1.1577222e-01   1.7581853e-01   1.4210065e-01   1.4134800e-01   1.6642495e-01   1.5108559e-01   2.0194385e-01   1.6356130e-01   1.7263759e-01   1.0735009e-01   1.2108942e-01   1.1237687e-01
   1.1378597e-01   1.7331710e-01   1.4051081e-01   1.3865413e-01   1.6256686e-01   1.4783636e-01   1.9876240e-01   1.6215220e-01   1.6992970e-01   1.0522069e-01   1.1854595e-01   1.1040374e-01
   1.1179017e-01   1.7081679e-01   1.3894338e-01   1.3599599e-01   1.5868970e-01   1.4449945e-01   1.9543921e-01   1.6063669e-01   1.6713213e-01   1.0305781e-01   1.1596607e-01   1.0841272e-01
   1.0978615e-01   1.6831899e-01   1.3739894e-01   1.3337575e-01   1.5479757e-01   1.4107874e-01   1.9197810e-01   1.5901631e-01   1.6424799e-01   1.0086346e-01   1.1335237e-01   1.0640525e-01
   1.0777522e-01   1.6582506e-01   1.3587802e-01   1.3079549e-01   1.5089455e-01   1.3757822e-01   1.8838307e-01   1.5729277e-01   1.6128047e-01   9.8639686e-02   1.1070747e-01   1.0438275e-01
   1.0575871e-01   1.6333633e-01   1.3438106e-01   1.2825712e-01   1.4698467e-01   1.3400203e-01   1.8465838e-01   1.5546792e-01   1.5823291e-01   9.6388586e-02   1.0803402e-01   1.0234667e-01
   1.0373793e-01   1.6085410e-01   1.3290847e-01   1.2576246e-01   1.4307192e-01   1.3035440e-01   1.8080849e-01   1.5354380e-01   1.5510873e-01   9.4112279e-02   1.0533471e-01   1.0029848e-01
   1.0171422e-01   1.5837963e-01   1.3146058e-01   1.2331320e-01   1.3916027e-01   1.2663970e-01   1.7683808e-01   1.5152255e-01   1.5191147e-01   9.1812925e-02   1.0261224e-01   9.8239650e-02
   9.9688916e-02   1.5591413e-01   1.3003765e-01   1.2091091e-01   1.3525362e-01   1.2286239e-01   1.7275205e-01   1.4940650e-01   1.4864478e-01   8.9492712e-02   9.9869351e-02   9.6171660e-02
   9.7663342e-02   1.5345880e-01   1.2863990e-01   1.1855702e-01   1.3135583e-01   1.1902707e-01   1.6855549e-01   1.4719812e-01   1.4531238e-01   8.7153861e-02   9.7108793e-02   9.4096003e-02
   9.5638830e-02   1.5101479e-01   1.2726747e-01   1.1625284e-01   1.2747072e-01   1.1513841e-01   1.6425369e-01   1.4490002e-01   1.4191812e-01   8.4798619e-02   9.4333344e-02   9.2014176e-02
   9.3616712e-02   1.4858321e-01   1.2592045e-01   1.1399956e-01   1.2360204e-01   1.1120121e-01   1.5985216e-01   1.4251495e-01   1.3846592e-01   8.2429263e-02   9.1545793e-02   8.9927685e-02
   9.1598314e-02   1.4616513e-01   1.2459886e-01   1.1179824e-01   1.1975348e-01   1.0722034e-01   1.5535659e-01   1.4004582e-01   1.3495981e-01   8.0048089e-02   8.8748948e-02   8.7838041e-02
   8.9584962e-02   1.4376159e-01   1.2330266e-01   1.0964980e-01   1.1592868e-01   1.0320077e-01   1.5077285e-01   1.3749566e-01   1.3140389e-01   7.7657422e-02   8.5945629e-02   8.5746759e-02
   8.7577975e-02   1.4137357e-01   1.2203177e-01   1.0755505e-01   1.1213122e-01   9.9147577e-02   1.4610699e-01   1.3486765e-01   1.2780234e-01   7.5259603e-02   8.3138665e-02   8.3655356e-02
   8.5578667e-02   1.3900203e-01   1.2078601e-01   1.0551464e-01   1.0836461e-01   9.5065891e-02   1.4136525e-01   1.3216510e-01   1.2415942e-01   7.2856993e-02   8.0330892e-02   8.1565354e-02
   8.3588347e-02   1.3664789e-01   1.1956517e-01   1.0352913e-01   1.0463227e-01   9.0960935e-02   1.3655403e-01   1.2939143e-01   1.2047948e-01   7.0451970e-02   7.7525153e-02   7.9478271e-02
   8.1608315e-02   1.3431201e-01   1.1836898e-01   1.0159892e-01   1.0093757e-01   8.6837998e-02   1.3167988e-01   1.2655021e-01   1.1676692e-01   6.8046927e-02   7.4724292e-02   7.7395628e-02
   7.9639863e-02   1.3199523e-01   1.1719710e-01   9.9724310e-02   9.7283802e-02   8.2702440e-02   1.2674954e-01   1.2364514e-01   1.1302622e-01   6.5644268e-02   7.1931155e-02   7.5318942e-02
   7.7684274e-02   1.2969832e-01   1.1604914e-01   9.7905443e-02   9.3674181e-02   7.8559680e-02   1.2176987e-01   1.2068001e-01   1.0926191e-01   6.3246407e-02   6.9148585e-02   7.3249730e-02
   7.5742820e-02   1.2742205e-01   1.1492465e-01   9.6142356e-02   9.0111838e-02   7.4415194e-02   1.1674788e-01   1.1765874e-01   1.0547858e-01   6.0855768e-02   6.6379418e-02   7.1189502e-02
   7.3816762e-02   1.2516710e-01   1.1382314e-01   9.4434951e-02   8.6599822e-02   7.0274508e-02   1.1169071e-01   1.1458537e-01   1.0168089e-01   5.8474779e-02   6.3626486e-02   6.9139763e-02
   7.1907346e-02   1.2293415e-01   1.1274404e-01   9.2783011e-02   8.3141101e-02   6.6143192e-02   1.0660564e-01   1.1146404e-01   9.7873518e-02   5.6105873e-02   6.0892608e-02   6.7102013e-02
   7.0015808e-02   1.2072382e-01   1.1168674e-01   9.1186189e-02   7.9738553e-02   6.2026858e-02   1.0150005e-01   1.0829899e-01   9.4061207e-02   5.3751482e-02   5.8180592e-02   6.5077741e-02
   6.8143366e-02   1.1853667e-01   1.1065059e-01   8.9644020e-02   7.6394968e-02   5.7931149e-02   9.6381462e-02   1.0509455e-01   9.0248732e-02   5.1414039e-02   5.5493231e-02   6.3068430e-02
   6.6291224e-02   1.1637326e-01   1.0963486e-01   8.8155918e-02   7.3113046e-02   5.3861735e-02   9.1257465e-02   1.0185516e-01   8.6440901e-02   4.9095972e-02   5.2833299e-02   6.1075550e-02
   6.4460568e-02   1.1423406e-01   1.0863881e-01   8.6721176e-02   6.9895392e-02   4.9824307e-02   8.6135763e-02   9.8585336e-02   8.2642551e-02   4.6799705e-02   5.0203548e-02   5.9100561e-02
   6.2652567e-02   1.1211953e-01   1.0766162e-01   8.5338970e-02   6.6744517e-02   4.5824570e-02   8.1024141e-02   9.5289693e-02   7.8858542e-02   4.4527652e-02   4.7606711e-02   5.7144909e-02
   6.0868371e-02   1.1003007e-01   1.0670243e-01   8.4008363e-02   6.3662834e-02   4.1868237e-02   7.5930457e-02   9.1972908e-02   7.5093753e-02   4.2282218e-02   4.5045491e-02   5.5210025e-02
   5.9109109e-02   1.0796607e-01   1.0576034e-01   8.2728302e-02   6.0652657e-02   3.7961024e-02   7.0862639e-02   8.8639738e-02   7.1353074e-02   4.0065792e-02   4.2522564e-02   5.3297326e-02
   5.7375889e-02   1.0592783e-01   1.0483442e-01   8.1497626e-02   5.7716200e-02   3.4108639e-02   6.5828671e-02   8.5295005e-02   6.7641403e-02   3.7880748e-02   4.0040573e-02   5.1408210e-02
   5.5669797e-02   1.0391565e-01   1.0392368e-01   8.0315064e-02   5.4855574e-02   3.0316779e-02   6.0836582e-02   8.1943593e-02   6.3963638e-02   3.5729445e-02   3.7602130e-02   4.9544059e-02
   5.3991896e-02   1.0192977e-01   1.0302709e-01   7.9179241e-02   5.2072786e-02   2.6591121e-02   5.5894439e-02   7.8590442e-02   6.0324674e-02   3.3614216e-02   3.5209806e-02   4.7706231e-02
   5.2343225e-02   9.9970387e-02   1.0214360e-01   7.8088678e-02   4.9369736e-02   2.2937316e-02   5.1010336e-02   7.5240541e-02   5.6729396e-02   3.1537373e-02   3.2866134e-02   4.5896069e-02
   5.0724796e-02   9.8037671e-02   1.0127210e-01   7.7041795e-02   4.6748219e-02   1.9360981e-02   4.6192382e-02   7.1898922e-02   5.3182671e-02   2.9501201e-02   3.0573604e-02   4.4114888e-02
   4.9137596e-02   9.6131744e-02   1.0041148e-01   7.6036920e-02   4.4209919e-02   1.5867691e-02   4.1448690e-02   6.8570655e-02   4.9689346e-02   2.7507957e-02   2.8334661e-02   4.2363982e-02
   4.7582582e-02   9.4252691e-02   9.9560560e-02   7.5072283e-02   4.1756413e-02   1.2462973e-02   3.6787368e-02   6.5260837e-02   4.6254238e-02   2.5559863e-02   2.6151700e-02   4.0644619e-02
   4.6060686e-02   9.2400558e-02   9.8718162e-02   7.4146027e-02   3.9389162e-02   9.1522979e-03   3.2216505e-02   6.1974590e-02   4.2882130e-02   2.3659111e-02   2.4027067e-02   3.8958041e-02
   4.4572806e-02   9.0575353e-02   9.7883066e-02   7.3256207e-02   3.7109518e-02   5.9410706e-03   2.7744161e-02   5.8717055e-02   3.9577764e-02   2.1807852e-02   2.1963050e-02   3.7305461e-02
   4.3119811e-02   8.8777050e-02   9.7054032e-02   7.2400797e-02   3.4918719e-02   2.8346250e-03   2.3378354e-02   5.5493377e-02   3.6345833e-02   2.0008197e-02   1.9961884e-02   3.5688064e-02
   4.1702538e-02   8.7005583e-02   9.6229796e-02   7.1577693e-02   3.2817888e-02   0.0000000e+00   1.9127048e-02   5.2308708e-02   3.3190978e-02   1.8262215e-02   1.8025740e-02   3.4107002e-02
   4.0321792e-02   8.5260853e-02   9.5409077e-02   7.0784715e-02   3.0808030e-02   0.0000000e+00   1.4998141e-02   4.9168190e-02   3.0117776e-02   1.6571929e-02   1.6156728e-02   3.2563397e-02
   3.8978340e-02   8.3542725e-02   9.4590576e-02   7.0019614e-02   2.8890035e-02   0.0000000e+00   1.0999453e-02   4.6076955e-02   2.7130740e-02   1.4939310e-02   1.4356891e-02   3.1058335e-02
   3.7672916e-02   8.1851031e-02   9.3772980e-02   6.9280076e-02   2.7064676e-02   0.0000000e+00   7.1387104e-03   4.3040113e-02   2.4234305e-02   1.3366281e-02   1.2628203e-02   2.9592870e-02
   3.6406218e-02   8.0185570e-02   9.2954963e-02   6.8563725e-02   2.5332607e-02   0.0000000e+00   3.4235358e-03   4.0062745e-02   2.1432826e-02   1.1854707e-02   1.0972565e-02   2.8168015e-02
   3.5178906e-02   7.8546110e-02   9.2135194e-02   6.7868129e-02   2.3694361e-02   0.0000000e+00   0.0000000e+00   3.7149895e-02   1.8730567e-02   1.0406395e-02   9.3918036e-03   2.6784749e-02
   3.3991599e-02   7.6932387e-02   9.1312333e-02   6.7190805e-02   2.2150354e-02   0.0000000e+00   0.0000000e+00   3.4306562e-02   1.6131699e-02   9.0230916e-03   7.8876658e-03   2.5444010e-02
   3.2844878e-02   7.5344108e-02   9.0485039e-02   6.6529224e-02   2.0700880e-02   0.0000000e+00   0.0000000e+00   3.1537690e-02   1.3640286e-02   7.7064778e-03   6.4618177e-03   2.4146692e-02
   3.1739283e-02   7.3780950e-02   8.9651972e-02   6.5880817e-02   1.9346112e-02   0.0000000e+00   0.0000000e+00   2.8848162e-02   1.1260282e-02   6.4581677e-03   5.1158405e-03   2.2893652e-02
   3.0675311e-02   7.2242565e-02   8.8811793e-02   6.5242976e-02   1.8086102e-02   0.0000000e+00   0.0000000e+00   2.6242788e-02   8.9955226e-03   5.2797039e-03   3.8512273e-03   2.1685698e-02
   2.9653415e-02   7.0728577e-02   8.7963173e-02   6.4613067e-02   1.6920779e-02   0.0000000e+00   0.0000000e+00   2.3726301e-02   6.8497168e-03   4.1725551e-03   2.6693802e-03   2.0523595e-02
   2.8674006e-02   6.9238586e-02   8.7104789e-02   6.3988430e-02   1.5849952e-02   0.0000000e+00   0.0000000e+00   2.1303339e-02   4.8264388e-03   3.1381125e-03   1.5716070e-03   1.9408059e-02
   2.7737446e-02   6.7772168e-02   8.6235337e-02   6.3366387e-02   1.4873306e-02   0.0000000e+00   0.0000000e+00   1.8978447e-02   2.9291205e-03   2.1776864e-03   5.5911804e-04   1.8339760e-02
   2.6844053e-02   6.6328876e-02   8.5353524e-02   6.2744247e-02   1.3990404e-02   0.0000000e+00   0.0000000e+00   1.6756059e-02   1.1610437e-03   1.2925029e-03   0.0000000e+00   1.7319316e-02
   2.5994095e-02   6.4908244e-02   8.4458080e-02   6.2119314e-02   1.3200686e-02   0.0000000e+00   0.0000000e+00   1.4640489e-02   0.0000000e+00   4.8370056e-04   0.0000000e+00   1.6347292e-02
   2.5187791e-02   6.3509784e-02   8.3547760e-02   6.1488893e-02   1.2503470e-02   0.0000000e+00   0.0000000e+00   1.2635927e-02   0.0000000e+00   0.0000000e+00   0.0000000e+00   1.5424203e-02
   2.4425311e-02   6.2132993e-02   8.2621346e-02   6.0850293e-02   1.1897950e-02   0.0000000e+00   0.0000000e+00   1.0746424e-02   0.0000000e+00   0.0000000e+00   0.0000000e+00   1.4550505e-02
   2.3706773e-02   6.0777350e-02   8.1677649e-02   6.0200840e-02   1.1383200e-02   0.0000000e+00   0.0000000e+00   8.9758806e-03   0.0000000e+00   0.0000000e+00   0.0000000e+00   1.3726601e-02
   2.3032242e-02   5.9442319e-02   8.0715518e-02   5.9537878e-02   1.0958170e-02   0.0000000e+00   0.0000000e+00   7.3280422e-03   0.0000000e+00   0.0000000e+00   0.0000000e+00   1.2952834e-02
   2.2401728e-02   5.8127352e-02   7.9733840e-02   5.8858779e-02   1.0621687e-02   0.0000000e+00   0.0000000e+00   5.8064836e-03   0.0000000e+00   0.0000000e+00   0.0000000e+00   1.2229488e-02
   2.1815188e-02   5.6831890e-02   7.8731546e-02   5.8160952e-02   1.0372457e-02   0.0000000e+00   0.0000000e+00   4.4146005e-03   0.0000000e+00   0.0000000e+00   0.0000000e+00   1.1556784e-02
   2.1272521e-02   5.5555362e-02   7.7707612e-02   5.7441845e-02   1.0209066e-02   0.0000000e+00   0.0000000e+00   3.1555980e-03   0.0000000e+00   0.0000000e+00   0.0000000e+00   1.0934883e-02
   2.0773572e-02   5.4297191e-02   7.6661067e-02   5.6698957e-02   1.0129978e-02   0.0000000e+00   0.0000000e+00   2.0324797e-03   0.0000000e+00   0.0000000e+00   0.0000000e+00   1.0363880e-02
   2.0318122e-02   5.3056795e-02   7.5590995e-02   5.5929844e-02   1.0133536e-02   0.0000000e+00   0.0000000e+00   1.0480367e-03   0.0000000e+00   0.0000000e+00   0.0000000e+00   9.8438021e-03
   1.9905897e-02   5.1833586e-02   7.4496541e-02   5.5132126e-02   1.0217963e-02   0.0000000e+00   0.0000000e+00   2.0483589e-04   0.0000000e+00   0.0000000e+00   0.0000000e+00   9.3746107e-03
   1.9536559e-02   5.0626974e-02   7.3376911e-02   5.4303499e-02   1.0381365e-02   0.0000000e+00   0.0000000e+00   0.0000000e+00   0.0000000e+00   0.0000000e+00   0.0000000e+00   8.9561968e-03
   1.9209710e-02   4.9436370e-02   7.2231382e-02   5.3441737e-02   1.0621728e-02   0.0000000e+00   0.0000000e+00   0.0000000e+00   0.0000000e+00   0.0000000e+00   0.0000000e+00   8.5883803e-03
   1.8924888e-02   4.8261186e-02   7.1059304e-02   5.2544705e-02   1.0936921e-02   0.0000000e+00   0.0000000e+00   0.0000000e+00   0.0000000e+00   0.0000000e+00   0.0000000e+00   8.2709080e-03
   1.8681564e-02   4.7100839e-02   6.9860104e-02   5.1610367e-02   1.1324695e-02   0.0000000e+00   0.0000000e+00   0.0000000e+00   0.0000000e+00   0.0000000e+00   0.0000000e+00   8.0034522e-03
   1.8479147e-02   4.5954750e-02   6.8633291e-02   5.0636791e-02   1.1782687e-02   0.0000000e+00   0.0000000e+00   0.0000000e+00   0.0000000e+00   0.0000000e+00   0.0000000e+00   7.7856089e-03
   1.8316977e-02   4.4822350e-02   6.7378463e-02   4.9622163e-02   1.2308419e-02   0.0000000e+00   0.0000000e+00   0.0000000e+00   0.0000000e+00   0.0000000e+00   0.0000000e+00   7.6168961e-03
   1.8194326e-02   4.3703081e-02   6.6095306e-02   4.8564792e-02   1.2899298e-02   0.0000000e+00   0.0000000e+00   0.0000000e+00   0.0000000e+00   0.0000000e+00   0.0000000e+00   7.4967519e-03
   1.8110396e-02   4.2596395e-02   6.4783607e-02   4.7463122e-02   1.3552621e-02   0.0000000e+00   0.0000000e+00   0.0000000e+00   0.0000000e+00   0.0000000e+00   0.0000000e+00   7.4245330e-03
   1.8064319e-02   4.1501763e-02   6.3443253e-02   4.6315738e-02   1.4265572e-02   0.0000000e+00   0.0000000e+00   0.0000000e+00   0.0000000e+00   3.8357327e-04   0.0000000e+00   7.3995130e-03
   1.8055155e-02   4.0418671e-02   6.2074237e-02   4.5121380e-02   1.5035225e-02   0.0000000e+00   0.0000000e+00   0.0000000e+00   0.0000000e+00   1.1750605e-03   8.5885796e-04   7.4208803e-03
   1.8081891e-02   3.9346624e-02   6.0676665e-02   4.3878946e-02   1.5858546e-02   0.0000000e+00   0.0000000e+00   7.2592317e-04   0.0000000e+00   2.0402197e-03   1.8677402e-03   7.4877368e-03
   1.8143439e-02   3.8285152e-02   5.9250760e-02   4.2587510e-02   1.6732395e-02   0.0000000e+00   0.0000000e+00   1.6800133e-03   7.7302262e-04   2.9773318e-03   2.9529454e-03   7.5990956e-03
   1.8238637e-02   3.7233808e-02   5.7796867e-02   4.1246325e-02   1.7653524e-02   2.2908715e-04   0.0000000e+00   2.7828391e-03   2.5479077e-03   3.9845027e-03   4.1121364e-03   7.7538799e-03
   1.8366245e-02   3.6192173e-02   5.6315460e-02   3.9854837e-02   1.8618583e-02   3.5802505e-03   3.7392719e-03   4.0325406e-03   4.4593615e-03   5.0596582e-03   5.3427876e-03   7.9509205e-03
   1.8524943e-02   3.5159858e-02   5.4807144e-02   3.8412692e-02   1.9624119e-02   7.0825312e-03   7.9826150e-03   5.4268429e-03   6.5035647e-03   6.2005404e-03   6.6421807e-03   8.1889545e-03
   1.8713336e-02   3.4136508e-02   5.3272666e-02   3.6919751e-02   2.0666578e-02   1.0729810e-02   1.2443563e-02   6.9630415e-03   8.6762883e-03   7.4047030e-03   8.0074011e-03   8.4666233e-03
   1.8929945e-02   3.3121800e-02   5.1712913e-02   3.5376097e-02   2.1742309e-02   1.4515441e-02   1.7114241e-02   8.6379887e-03   1.0972882e-02   8.6695071e-03   9.4353342e-03   8.7824707e-03
   1.9173210e-02   3.2115452e-02   5.0128927e-02   3.3782047e-02   2.2847561e-02   1.8432238e-02   2.1985977e-02   1.0448079e-02   1.3388264e-02   9.9921165e-03   1.0922661e-02   9.1349414e-03
