   0.0000000e+00   6.5921079e-02   7.2498061e-02   7.0889381e-02   5.9481073e-02   0.0000000e+00   0.0000000e+00   0.0000000e+00   0.0000000e+00   0.0000000e+00   0.0000000e+00   0.0000000e+00
   0.0000000e+00   7.0696859e-02   7.7968285e-02   5.9854664e-02   5.0528949e-02   0.0000000e+00   0.0000000e+00   0.0000000e+00   0.0000000e+00   7.7579928e-03   0.0000000e+00   0.0000000e+00
   6.6393020e-04   7.5448484e-02   8.2905823e-02   4.9518496e-02   4.2048277e-02   0.0000000e+00   0.0000000e+00   0.0000000e+00   0.0000000e+00   2.0476002e-02   0.0000000e+00   0.0000000e+00
   1.5376077e-02   8.0167189e-02   8.7340218e-02   3.9864365e-02   3.4030843e-02   0.0000000e+00   0.0000000e+00   0.0000000e+00   0.0000000e+00   3.1997638e-02   0.0000000e+00   0.0000000e+00
   2.8831888e-02   8.4844678e-02   9.1300161e-02   3.0876009e-02   2.6468595e-02   3.9412276e-03   6.0952746e-04   0.0000000e+00   1.3739488e-03   4.2376748e-02   4.7782047e-03   2.6068437e-03
   4.1080964e-02   8.9473112e-02   9.4813511e-02   2.2537419e-02   1.9353635e-02   1.9214100e-02   1.2593699e-02   3.8899754e-03   7.9338043e-03   5.1666014e-02   1.5004849e-02   8.0400940e-03
   5.2171999e-02   9.4045100e-02   9.7907304e-02   1.4832833e-02   1.2678221e-02   3.2653645e-02   2.3122488e-02   1.0206085e-02   1.3658651e-02   5.9916970e-02   2.4225848e-02   1.2981654e-02
   6.2152787e-02   9.8553696e-02   1.0060777e-01   7.7467376e-03   6.4347605e-03   4.4357477e-02   3.2270777e-02   1.5860573e-02   1.8591554e-02   6.7180011e-02   3.2485319e-02   1.7446807e-02
   7.1070232e-02   1.0299238e-01   1.0294036e-01   1.2638624e-03   6.1580849e-04   5.4420566e-02   4.0111680e-02   2.0881319e-02   2.2774610e-02   7.3504405e-02   3.9826570e-02   2.1450848e-02
   7.8970350e-02   1.0735506e-01   1.0492971e-01   0.0000000e+00   0.0000000e+00   6.2935275e-02   4.6716563e-02   2.5295767e-02   2.6248961e-02   7.8938310e-02   4.6292104e-02   2.5009079e-02
   8.5898286e-02   1.1163605e-01   1.0659974e-01   0.0000000e+00   0.0000000e+00   6.9991407e-02   5.2155069e-02   2.9130930e-02   2.9054804e-02   8.3528784e-02   5.1923629e-02   2.8136801e-02
   9.1898315e-02   1.1583008e-01   1.0797357e-01   0.0000000e+00   0.0000000e+00   7.5676234e-02   5.6495135e-02   3.2413391e-02   3.1231402e-02   8.7321800e-02   5.6762060e-02   3.0849310e-02
   9.7013850e-02   1.1993227e-01   1.0907362e-01   0.0000000e+00   0.0000000e+00   8.0074542e-02   5.9803015e-02   3.5169304e-02   3.2817092e-02   9.0362255e-02   6.0847526e-02   3.3161890e-02
   1.0128746e-01   1.2393812e-01   1.0992155e-01   0.0000000e+00   0.0000000e+00   8.3268667e-02   6.2143298e-02   3.7424398e-02   3.3849301e-02   9.2693987e-02   6.4219378e-02   3.5089805e-02
   1.0476085e-01   1.2784354e-01   1.1053834e-01   0.0000000e+00   0.0000000e+00   8.5338534e-02   6.3578932e-02   3.9203977e-02   3.4364552e-02   9.4359785e-02   6.6916193e-02   3.6648297e-02
   1.0747492e-01   1.3164477e-01   1.1094425e-01   0.0000000e+00   0.0000000e+00   8.6361694e-02   6.4171243e-02   4.0532920e-02   3.4398474e-02   9.5401403e-02   6.8975782e-02   3.7852578e-02
   1.0946972e-01   1.3533844e-01   1.1115886e-01   0.0000000e+00   0.0000000e+00   8.6413362e-02   6.3979953e-02   4.1435687e-02   3.3985816e-02   9.5859570e-02   7.0435195e-02   3.8717822e-02
   1.1078448e-01   1.3892153e-01   1.1120108e-01   0.0000000e+00   0.0000000e+00   8.5566453e-02   6.3063204e-02   4.1936317e-02   3.3160456e-02   9.5774006e-02   7.1330725e-02   3.9259165e-02
   1.1145762e-01   1.4239136e-01   1.1108914e-01   0.0000000e+00   0.0000000e+00   8.3891620e-02   6.1477578e-02   4.2058431e-02   3.1955409e-02   9.5183433e-02   7.1697919e-02   3.9491694e-02
   1.1152676e-01   1.4574560e-01   1.1084066e-01   0.0000000e+00   0.0000000e+00   8.1457292e-02   5.9278112e-02   4.1825237e-02   3.0402842e-02   9.4125585e-02   7.1571578e-02   3.9430444e-02
   1.1102871e-01   1.4898223e-01   1.1047258e-01   0.0000000e+00   0.0000000e+00   7.8329708e-02   5.6518326e-02   4.1259526e-02   2.8534078e-02   9.2637223e-02   7.0985770e-02   3.9090394e-02
   1.0999952e-01   1.5209958e-01   1.1000124e-01   0.0000000e+00   0.0000000e+00   7.4572955e-02   5.3250234e-02   4.0383679e-02   2.6379612e-02   9.0754148e-02   6.9973830e-02   3.8486458e-02
   1.0847442e-01   1.5509627e-01   1.0944238e-01   0.0000000e+00   0.0000000e+00   7.0249001e-02   4.9524371e-02   3.9219665e-02   2.3969119e-02   8.8511209e-02   6.8568368e-02   3.7633481e-02
   1.0648788e-01   1.5797124e-01   1.0881111e-01   0.0000000e+00   0.0000000e+00   6.5417737e-02   4.5389810e-02   3.7789045e-02   2.1331463e-02   8.5942320e-02   6.6801277e-02   3.6546237e-02
   1.0407362e-01   1.6072372e-01   1.0812199e-01   0.0000000e+00   0.0000000e+00   6.0137006e-02   4.0894180e-02   3.6112976e-02   1.8494707e-02   8.3080468e-02   6.4703737e-02   3.5239418e-02
   1.0126459e-01   1.6335324e-01   1.0738897e-01   0.0000000e+00   0.0000000e+00   5.4462640e-02   3.6083689e-02   3.4212208e-02   1.5486127e-02   7.9957728e-02   6.2306220e-02   3.3727636e-02
   9.8092969e-02   1.6585961e-01   1.0662546e-01   0.0000000e+00   0.0000000e+00   4.8448496e-02   3.1003139e-02   3.2107091e-02   1.2332217e-02   7.6605272e-02   5.9638500e-02   3.2025412e-02
   9.4590225e-02   1.6824291e-01   1.0584430e-01   0.0000000e+00   0.0000000e+00   4.2146492e-02   2.5695948e-02   2.9817571e-02   9.0587006e-03   7.3053384e-02   5.6729656e-02   3.0147173e-02
   9.0787069e-02   1.7050349e-01   1.0505782e-01   0.0000000e+00   0.0000000e+00   3.5606636e-02   2.0204172e-02   2.7363199e-02   5.6905424e-03   6.9331469e-02   5.3608077e-02   2.8107249e-02
   8.6713491e-02   1.7264198e-01   1.0427780e-01   0.0000000e+00   0.0000000e+00   2.8877066e-02   1.4568516e-02   2.4763128e-02   2.2519563e-03   6.5468067e-02   5.0301473e-02   2.5919866e-02
   8.2398756e-02   1.7465923e-01   1.0351549e-01   0.0000000e+00   0.0000000e+00   2.2004082e-02   8.8283616e-03   2.2036118e-02   0.0000000e+00   6.1490862e-02   4.6836875e-02   2.3599143e-02
   7.7871420e-02   1.7655636e-01   1.0278168e-01   0.0000000e+00   0.0000000e+00   1.5032177e-02   3.0217799e-03   1.9200535e-02   0.0000000e+00   5.7426697e-02   4.3240645e-02   2.1159085e-02
   7.3159329e-02   1.7833472e-01   1.0208662e-01   0.0000000e+00   0.0000000e+00   8.0040749e-03   0.0000000e+00   1.6274356e-02   0.0000000e+00   5.3301582e-02   3.9538481e-02   1.8613584e-02
   6.8289631e-02   1.7999590e-01   1.0144010e-01   0.0000000e+00   0.0000000e+00   9.6075864e-04   0.0000000e+00   1.3275170e-02   0.0000000e+00   4.9140708e-02   3.5755422e-02   1.5976406e-02
   6.3288784e-02   1.8154170e-01   1.0085143e-01   0.0000000e+00   0.0000000e+00   0.0000000e+00   0.0000000e+00   1.0220180e-02   0.0000000e+00   4.4968457e-02   3.1915857e-02   1.3261195e-02
   5.8182561e-02   1.8297415e-01   1.0032947e-01   4.7819655e-03   0.0000000e+00   0.0000000e+00   0.0000000e+00   7.1262045e-03   0.0000000e+00   4.0808416e-02   2.8043526e-02   1.0481462e-02
   5.2996059e-02   1.8429549e-01   9.9882628e-02   9.9149653e-03   0.0000000e+00   0.0000000e+00   0.0000000e+00   4.0096808e-03   0.0000000e+00   3.6683384e-02   2.4161532e-02   7.6505885e-03
   4.7753706e-02   1.8550815e-01   9.9518858e-02   1.5305168e-02   0.0000000e+00   0.0000000e+00   0.0000000e+00   8.8666713e-04   0.0000000e+00   3.2615385e-02   2.0292343e-02   4.7818134e-03
   4.2479266e-02   1.8661478e-01   9.9245700e-02   2.0943664e-02   0.0000000e+00   0.0000000e+00   0.0000000e+00   0.0000000e+00   0.0000000e+00   2.8625681e-02   1.6457798e-02   1.8882359e-03
   3.7195851e-02   1.8761820e-01   9.9070271e-02   2.6821726e-02   0.0000000e+00   0.0000000e+00   0.0000000e+00   0.0000000e+00   0.0000000e+00   2.4734783e-02   1.2679116e-02   0.0000000e+00
   3.1925926e-02   1.8852142e-01   9.8999281e-02   3.2930806e-02   7.8858145e-04   0.0000000e+00   0.0000000e+00   0.0000000e+00   0.0000000e+00   2.0962457e-02   8.9768982e-03   0.0000000e+00
   2.6691313e-02   1.8932763e-01   9.9039044e-02   3.9262532e-02   5.6218392e-03   0.0000000e+00   0.0000000e+00   0.0000000e+00   0.0000000e+00   1.7327743e-02   5.3711383e-03   0.0000000e+00
   2.1513203e-02   1.9004019e-01   9.9195484e-02   4.5808709e-02   1.0696806e-02   0.0000000e+00   0.0000000e+00   0.0000000e+00   0.0000000e+00   1.3848958e-02   1.8812245e-03   0.0000000e+00
   1.6412163e-02   1.9066262e-01   9.9474150e-02   5.2561316e-02   1.6009697e-02   0.0000000e+00   0.0000000e+00   0.0000000e+00   0.0000000e+00   1.0543713e-02   0.0000000e+00   0.0000000e+00
   1.1408138e-02   1.9119859e-01   9.9880222e-02   5.9512504e-02   2.1556794e-02   0.0000000e+00   0.0000000e+00   0.0000000e+00   0.0000000e+00   7.4289201e-03   0.0000000e+00   0.0000000e+00
   6.5204633e-03   1.9165194e-01   1.0041853e-01   6.6654594e-02   2.7334442e-02   0.0000000e+00   0.0000000e+00   0.0000000e+00   0.0000000e+00   4.5208058e-03   0.0000000e+00   0.0000000e+00
   1.7678714e-03   1.9202664e-01   1.0109354e-01   7.3980075e-02   3.3339052e-02   0.0000000e+00   0.0000000e+00   0.0000000e+00   0.0000000e+00   1.8349190e-03   0.0000000e+00   0.0000000e+00
   0.0000000e+00   1.9232680e-01   1.0190940e-01   8.1481604e-02   3.9567092e-02   0.0000000e+00   0.0000000e+00   0.0000000e+00   0.0000000e+00   0.0000000e+00   0.0000000e+00   0.0000000e+00
   0.0000000e+00   1.9255667e-01   1.0286991e-01   8.9152001e-02   4.6015093e-02   0.0000000e+00   0.0000000e+00   0.0000000e+00   0.0000000e+00   0.0000000e+00   0.0000000e+00   0.0000000e+00
   0.0000000e+00   1.9272062e-01   1.0397858e-01   9.6984251e-02   5.2679641e-02   0.0000000e+00   0.0000000e+00   0.0000000e+00   0.0000000e+00   0.0000000e+00   0.0000000e+00   0.0000000e+00
   0.0000000e+00   1.9282314e-01   1.0523858e-01   1.0497150e-01   5.9557379e-02   0.0000000e+00   0.0000000e+00   0.0000000e+00   0.0000000e+00   0.0000000e+00   0.0000000e+00   0.0000000e+00
   0.0000000e+00   1.9286884e-01   1.0665280e-01   1.1310705e-01   6.6645005e-02   0.0000000e+00   0.0000000e+00   0.0000000e+00   0.0000000e+00   0.0000000e+00   0.0000000e+00   0.0000000e+00
   0.0000000e+00   1.9286243e-01   1.0822382e-01   1.2138437e-01   7.3939268e-02   0.0000000e+00   0.0000000e+00   0.0000000e+00   0.0000000e+00   0.0000000e+00   0.0000000e+00   0.0000000e+00
   0.0000000e+00   1.9280872e-01   1.0995397e-01   1.2979707e-01   8.1436968e-02   0.0000000e+00   0.0000000e+00   0.0000000e+00   0.0000000e+00   0.0000000e+00   0.0000000e+00   0.0000000e+00
   0.0000000e+00   1.9271264e-01   1.1184527e-01   1.3833893e-01   8.9134956e-02   0.0000000e+00   0.0000000e+00   0.0000000e+00   0.0000000e+00   0.0000000e+00   0.0000000e+00   0.0000000e+00
   0.0000000e+00   1.9257918e-01   1.1389949e-01   1.4700387e-01   9.7030130e-02   0.0000000e+00   0.0000000e+00   0.0000000e+00   0.0000000e+00   0.0000000e+00   0.0000000e+00   0.0000000e+00
   0.0000000e+00   1.9241344e-01   1.1611817e-01   1.5578597e-01   1.0511943e-01   0.0000000e+00   0.0000000e+00   0.0000000e+00   0.0000000e+00   0.0000000e+00   0.0000000e+00   0.0000000e+00
   0.0000000e+00   1.9222058e-01   1.1850256e-01   1.6467946e-01   1.1339985e-01   0.0000000e+00   0.0000000e+00   0.0000000e+00   0.0000000e+00   0.0000000e+00   0.0000000e+00   0.0000000e+00
   0.0000000e+00   1.9200585e-01   1.2105370e-01   1.7367871e-01   1.2186843e-01   0.0000000e+00   0.0000000e+00   0.0000000e+00   0.0000000e+00   0.0000000e+00   0.0000000e+00   0.0000000e+00
   0.0000000e+00   1.9177457e-01   1.2377240e-01   1.8277824e-01   1.3052222e-01   0.0000000e+00   0.0000000e+00   0.0000000e+00   0.0000000e+00   0.0000000e+00   0.0000000e+00   0.0000000e+00
   0.0000000e+00   1.9153211e-01   1.2665924e-01   1.9197271e-01   1.3935836e-01   0.0000000e+00   0.0000000e+00   0.0000000e+00   0.0000000e+00   0.0000000e+00   0.0000000e+00   0.0000000e+00
   0.0000000e+00   1.9128391e-01   1.2971457e-01   2.0125693e-01   1.4837398e-01   0.0000000e+00   0.0000000e+00   0.0000000e+00   0.0000000e+00   0.0000000e+00   0.0000000e+00   0.0000000e+00
   0.0000000e+00   1.9103546e-01   1.3293858e-01   2.1062585e-01   1.5756629e-01   0.0000000e+00   0.0000000e+00   0.0000000e+00   0.0000000e+00   0.0000000e+00   0.0000000e+00   0.0000000e+00
   0.0000000e+00   1.9079230e-01   1.3633123e-01   2.2007455e-01   1.6693251e-01   0.0000000e+00   0.0000000e+00   0.0000000e+00   0.0000000e+00   2.1797613e-03   0.0000000e+00   0.0000000e+00
   0.0000000e+00   1.9056000e-01   1.3989228e-01   2.2959826e-01   1.7646989e-01   0.0000000e+00   0.0000000e+00   0.0000000e+00   0.0000000e+00   5.4443953e-03   0.0000000e+00   0.0000000e+00
   0.0000000e+00   1.9034420e-01   1.4362135e-01   2.3919233e-01   1.8617574e-01   0.0000000e+00   0.0000000e+00   0.0000000e+00   0.0000000e+00   9.1119813e-03   0.0000000e+00   0.0000000e+00
   0.0000000e+00   1.9015053e-01   1.4751784e-01   2.4885227e-01   1.9604738e-01   0.0000000e+00   0.0000000e+00   0.0000000e+00   0.0000000e+00   1.3186694e-02   0.0000000e+00   0.0000000e+00
   0.0000000e+00   1.8998469e-01   1.5158103e-01   2.5857370e-01   2.0608217e-01   0.0000000e+00   0.0000000e+00   0.0000000e+00   0.0000000e+00   1.7672243e-02   0.0000000e+00   0.0000000e+00
   0.0000000e+00   1.8985238e-01   1.5581000e-01   2.6835238e-01   2.1627749e-01   0.0000000e+00   0.0000000e+00   0.0000000e+00   0.0000000e+00   2.2571881e-02   1.8387579e-03   0.0000000e+00
   0.0000000e+00   1.8975931e-01   1.6020370e-01   2.7818420e-01   2.2663076e-01   0.0000000e+00   0.0000000e+00   0.0000000e+00   2.6720993e-03   2.7888413e-02   6.7640340e-03   0.0000000e+00
   0.0000000e+00   1.8971124e-01   1.6476093e-01   2.8806517e-01   2.3713943e-01   0.0000000e+00   1.6291780e-03   0.0000000e+00   9.2172464e-03   3.3624206e-02   1.2127283e-02   0.0000000e+00
   0.0000000e+00   1.8971391e-01   1.6948036e-01   2.9799145e-01   2.4780096e-01   0.0000000e+00   1.1586848e-02   0.0000000e+00   1.6155223e-02   3.9781198e-02   1.7932995e-02   0.0000000e+00
   0.0000000e+00   1.8977307e-01   1.7436053e-01   3.0795929e-01   2.5861284e-01   0.0000000e+00   2.2132069e-02   0.0000000e+00   2.3486664e-02   4.6360908e-02   2.4185233e-02   0.0000000e+00
   0.0000000e+00   1.8989447e-01   1.7939985e-01   3.1796509e-01   2.6957260e-01   0.0000000e+00   3.3263694e-02   0.0000000e+00   3.1211843e-02   5.3364444e-02   3.0887645e-02   0.0000000e+00
   0.0000000e+00   1.9008387e-01   1.8459661e-01   3.2800537e-01   2.8067776e-01   6.8735043e-03   4.4979987e-02   0.0000000e+00   3.9330680e-02   6.0792511e-02   3.8043465e-02   0.0000000e+00
   0.0000000e+00   1.9034702e-01   1.8994900e-01   3.3807675e-01   2.9192590e-01   1.7750525e-02   5.7278635e-02   0.0000000e+00   4.7842750e-02   6.8645422e-02   4.5655521e-02   0.0000000e+00
   0.0000000e+00   1.9068963e-01   1.9545511e-01   3.4817600e-01   3.0331459e-01   2.9157284e-02   7.0156766e-02   4.9686297e-03   5.6747290e-02   7.6923106e-02   5.3726241e-02   0.0000000e+00
   0.0000000e+00   1.9111742e-01   2.0111293e-01   3.5829998e-01   3.1484144e-01   4.1087095e-02   8.3610959e-02   1.0687473e-02   6.6043207e-02   8.5625117e-02   6.2257659e-02   0.0000000e+00
   4.0973005e-03   1.9163610e-01   2.0692035e-01   3.6844569e-01   3.2650406e-01   5.3532751e-02   9.7637258e-02   1.6761009e-02   7.5729086e-02   9.4750643e-02   7.1251420e-02   0.0000000e+00
   1.0766400e-02   1.9225132e-01   2.1287520e-01   3.7861023e-01   3.3830009e-01   6.6486550e-02   1.1223119e-01   2.3191579e-02   8.5803197e-02   1.0429851e-01   8.0708786e-02   6.9240443e-05
   1.7897349e-02   1.9296874e-01   2.1897522e-01   3.8879080e-01   3.5022719e-01   7.9940314e-02   1.2738778e-01   2.9981259e-02   9.6263501e-02   1.1426720e-01   9.0630645e-02   5.5872791e-03
   2.5492044e-02   1.9379395e-01   2.2521806e-01   3.9898475e-01   3.6228301e-01   9.3885408e-02   1.4310156e-01   3.7131860e-02   1.0710766e-01   1.2465486e-01   1.0101751e-01   1.1464951e-02
   3.3552021e-02   1.9473254e-01   2.3160134e-01   4.0918950e-01   3.7446525e-01   1.0831276e-01   1.5936658e-01   4.4644930e-02   1.1833305e-01   1.3545929e-01   1.1186954e-01   1.7706304e-02
   4.2078456e-02   1.9579003e-01   2.3812259e-01   4.1940261e-01   3.8677159e-01   1.2321290e-01   1.7617643e-01   5.2521760e-02   1.2993675e-01   1.4667797e-01   1.2318651e-01   2.4315141e-02
   5.1072175e-02   1.9697191e-01   2.4477932e-01   4.2962172e-01   3.9919976e-01   1.3857593e-01   1.9352425e-01   6.0763385e-02   1.4191558e-01   1.5830807e-01   1.3496788e-01   3.1295023e-02
   6.0533661e-02   1.9828364e-01   2.5156897e-01   4.3984460e-01   4.1174747e-01   1.5439161e-01   2.1140276e-01   6.9370586e-02   1.5426606e-01   1.7034646e-01   1.4721273e-01   3.8649270e-02
   7.0463059e-02   1.9973059e-01   2.5848893e-01   4.5006911e-01   4.2441245e-01   1.7064933e-01   2.2980422e-01   7.8343898e-02   1.6698448e-01   1.8278969e-01   1.5991982e-01   4.6380955e-02
   8.0860180e-02   2.0131811e-01   2.6553657e-01   4.6029323e-01   4.3719244e-01   1.8733813e-01   2.4872051e-01   8.7683607e-02   1.8006686e-01   1.9563404e-01   1.7308756e-01   5.4492909e-02
   9.1724511e-02   2.0305147e-01   2.7270923e-01   4.7051502e-01   4.5008520e-01   2.0444675e-01   2.6814311e-01   9.7389756e-02   1.9350897e-01   2.0887550e-01   1.8671405e-01   6.2987719e-02
   1.0305522e-01   2.0493590e-01   2.8000422e-01   4.8073265e-01   4.6308849e-01   2.2196364e-01   2.8806311e-01   1.0746215e-01   2.0730633e-01   2.2250978e-01   2.0079704e-01   7.1867729e-02
   1.1485116e-01   2.0697655e-01   2.8741883e-01   4.9094439e-01   4.7620008e-01   2.3987693e-01   3.0847123e-01   1.1790036e-01   2.2145425e-01   2.3653232e-01   2.1533398e-01   8.1135037e-02
   1.2711087e-01   2.0917851e-01   2.9495032e-01   5.0114861e-01   4.8941774e-01   2.5817453e-01   3.2935784e-01   1.2870371e-01   2.3594780e-01   2.5093833e-01   2.3032201e-01   9.0791501e-02
   1.3983260e-01   2.1154680e-01   3.0259596e-01   5.1134378e-01   5.0273926e-01   2.7684407e-01   3.5071295e-01   1.3987131e-01   2.5078182e-01   2.6572274e-01   2.4575797e-01   1.0083873e-01
   1.5301431e-01   2.1408635e-01   3.1035302e-01   5.2152846e-01   5.1616243e-01   2.9587298e-01   3.7252627e-01   1.5140204e-01   2.6595096e-01   2.8088025e-01   2.6163838e-01   1.1127810e-01
   1.6665364e-01   2.1680204e-01   3.1821873e-01   5.3170130e-01   5.2968503e-01   3.1524846e-01   3.9478715e-01   1.6329455e-01   2.8144964e-01   2.9640531e-01   2.7795948e-01   1.2211072e-01
   1.8074797e-01   2.1969865e-01   3.2619037e-01   5.4186104e-01   5.4330488e-01   3.3495752e-01   4.1748465e-01   1.7554727e-01   2.9727210e-01   3.1229216e-01   2.9471722e-01   1.3333750e-01
   1.9529441e-01   2.2278088e-01   3.3426521e-01   5.5200653e-01   5.5701977e-01   3.5498699e-01   4.4060756e-01   1.8815842e-01   3.1341238e-01   3.2853482e-01   3.1190728e-01   1.4495906e-01
   2.1028978e-01   2.2605336e-01   3.4244051e-01   5.6213669e-01   5.7082752e-01   3.7532356e-01   4.6414435e-01   2.0112599e-01   3.2986433e-01   3.4512708e-01   3.2952504e-01   1.5697580e-01
   2.2573064e-01   2.2952062e-01   3.5071359e-01   5.7225053e-01   5.8472593e-01   3.9595375e-01   4.8808325e-01   2.1444778e-01   3.4662163e-01   3.6206255e-01   3.4756563e-01   1.6938789e-01
   2.4161329e-01   2.3318710e-01   3.5908176e-01   5.8234718e-01   5.9871281e-01   4.1686397e-01   5.1241221e-01   2.2812138e-01   3.6367779e-01   3.7933463e-01   3.6602391e-01   1.8219525e-01
   2.5793378e-01   2.3705714e-01   3.6754237e-01   5.9242581e-01   6.1278599e-01   4.3804050e-01   5.3711895e-01   2.4214416e-01   3.8102614e-01   3.9693652e-01   3.8489448e-01   1.9539756e-01
   2.7468792e-01   2.4113500e-01   3.7609278e-01   6.0248570e-01   6.2694328e-01   4.5946954e-01   5.6219095e-01   2.5651331e-01   3.9865986e-01   4.1486126e-01   4.0417168e-01   2.0899425e-01
   2.9187125e-01   2.4542483e-01   3.8473042e-01   6.1252621e-01   6.4118250e-01   4.8113720e-01   5.8761547e-01   2.7122579e-01   4.1657198e-01   4.3310170e-01   4.2384963e-01   2.2298453e-01
   3.0947910e-01   2.4993068e-01   3.9345272e-01   6.2254679e-01   6.5550147e-01   5.0302952e-01   6.1337957e-01   2.8627842e-01   4.3475539e-01   4.5165052e-01   4.4392218e-01   2.3736737e-01
   3.2750656e-01   2.5465651e-01   4.0225717e-01   6.3254695e-01   6.6989801e-01   5.2513249e-01   6.3947008e-01   3.0166777e-01   4.5320283e-01   4.7050025e-01   4.6438297e-01   2.5214151e-01
   3.4594850e-01   2.5960615e-01   4.1114130e-01   6.4252631e-01   6.8436994e-01   5.4743206e-01   6.6587368e-01   3.1739028e-01   4.7190691e-01   4.8964326e-01   4.8522539e-01   2.6730544e-01
   3.6479956e-01   2.6478335e-01   4.2010269e-01   6.5248455e-01   6.9891508e-01   5.6991416e-01   6.9257686e-01   3.3344215e-01   4.9086012e-01   5.0907178e-01   5.0644262e-01   2.8285743e-01
   3.8405417e-01   2.7019173e-01   4.2913897e-01   6.6242142e-01   7.1353125e-01   5.9256472e-01   7.1956595e-01   3.4981946e-01   5.1005483e-01   5.2877788e-01   5.2802762e-01   2.9879551e-01
   4.0370656e-01   2.7583481e-01   4.3824783e-01   6.7233677e-01   7.2821628e-01   6.1536964e-01   7.4682711e-01   3.6651806e-01   5.2948328e-01   5.4875352e-01   5.4997314e-01   3.1511749e-01
   4.2375076e-01   2.8171599e-01   4.4742700e-01   6.8223051e-01   7.4296797e-01   6.3831489e-01   7.7434637e-01   3.8353366e-01   5.4913762e-01   5.6899052e-01   5.7227172e-01   3.3182094e-01
   4.4418058e-01   2.8783856e-01   4.5667430e-01   6.9210263e-01   7.5778416e-01   6.6138641e-01   8.0210965e-01   4.0086179e-01   5.6900990e-01   5.8948060e-01   5.9491571e-01   3.4890323e-01
   4.6498967e-01   2.9420569e-01   4.6598759e-01   7.0195319e-01   7.7266265e-01   6.8457023e-01   8.3010271e-01   4.1849783e-01   5.8909208e-01   6.1021534e-01   6.1789726e-01   3.6636146e-01
   4.8617147e-01   3.0082043e-01   4.7536481e-01   7.1178233e-01   7.8760125e-01   7.0785240e-01   8.5831124e-01   4.3643696e-01   6.0937600e-01   6.3118624e-01   6.4120833e-01   3.8419255e-01
   5.0771925e-01   3.0768572e-01   4.8480396e-01   7.2159024e-01   8.0259779e-01   7.3121908e-01   8.8672081e-01   4.5467425e-01   6.2985345e-01   6.5238469e-01   6.6484072e-01   4.0239316e-01
   5.2962612e-01   3.1480435e-01   4.9430312e-01   7.3137722e-01   8.1765007e-01   7.5465647e-01   9.1531690e-01   4.7320458e-01   6.5051613e-01   6.7380197e-01   6.8878602e-01   4.2095978e-01
   5.5188499e-01   3.2217901e-01   5.0386044e-01   7.4114359e-01   8.3275591e-01   7.7815088e-01   9.4408492e-01   4.9202270e-01   6.7135567e-01   6.9542930e-01   7.1303567e-01   4.3988862e-01
   5.7448864e-01   3.2981226e-01   5.1347415e-01   7.5088978e-01   8.4791310e-01   8.0168871e-01   9.7301023e-01   5.1112319e-01   6.9236365e-01   7.1725782e-01   7.3758095e-01   4.5917574e-01
   5.9742966e-01   3.3770654e-01   5.2314256e-01   7.6061625e-01   8.6311946e-01   8.2525651e-01   1.0020781e+00   5.3050051e-01   7.1353157e-01   7.3927858e-01   7.6241298e-01   4.7881692e-01
   6.2070052e-01   3.4586414e-01   5.3286406e-01   7.7032357e-01   8.7837278e-01   8.4884091e-01   1.0312738e+00   5.5014897e-01   7.3485089e-01   7.6148256e-01   7.8752271e-01   4.9880779e-01
   6.4429351e-01   3.5428724e-01   5.4263712e-01   7.8001233e-01   8.9367087e-01   8.7242870e-01   1.0605825e+00   5.7006275e-01   7.5631302e-01   7.8386070e-01   8.1290096e-01   5.1914373e-01
   6.6820081e-01   3.6297789e-01   5.5246032e-01   7.8968321e-01   9.0901152e-01   8.9600681e-01   1.0899894e+00   5.9023589e-01   7.7790933e-01   8.0640388e-01   8.3853842e-01   5.3981994e-01
   6.9241444e-01   3.7193798e-01   5.6233229e-01   7.9933694e-01   9.2439254e-01   9.1956234e-01   1.1194796e+00   6.1066230e-01   7.9963115e-01   8.2910292e-01   8.6442562e-01   5.6083138e-01
   7.1692631e-01   3.8116931e-01   5.7225178e-01   8.0897433e-01   9.3981171e-01   9.4308255e-01   1.1490384e+00   6.3133577e-01   8.2146979e-01   8.5194860e-01   8.9055297e-01   5.8217286e-01
   7.4172818e-01   3.9067351e-01   5.8221762e-01   8.1859623e-01   9.5526683e-01   9.6655486e-01   1.1786509e+00   6.5224997e-01   8.4341652e-01   8.7493168e-01   9.1691078e-01   6.0383894e-01
   7.6681171e-01   4.0045210e-01   5.9222873e-01   8.2820355e-01   9.7075569e-01   9.8996691e-01   1.2083022e+00   6.7339846e-01   8.6546261e-01   8.9804286e-01   9.4348920e-01   6.2582401e-01
   7.9216843e-01   4.1050645e-01   6.0228413e-01   8.3779728e-01   9.8627608e-01   1.0133065e+00   1.2379776e+00   6.9477466e-01   8.8759931e-01   9.2127285e-01   9.7027832e-01   6.4812227e-01
   8.1778978e-01   4.2083778e-01   6.1238294e-01   8.4737845e-01   1.0018258e+00   1.0365616e+00   1.2676623e+00   7.1637192e-01   9.0981787e-01   9.4461230e-01   9.9726807e-01   6.7072772e-01
   8.4366707e-01   4.3144721e-01   6.2252437e-01   8.5694816e-01   1.0174026e+00   1.0597206e+00   1.2973416e+00   7.3818345e-01   9.3210951e-01   9.6805190e-01   1.0244483e+00   6.9363418e-01
   8.6979154e-01   4.4233569e-01   6.3270773e-01   8.6650753e-01   1.0330043e+00   1.0827718e+00   1.3270008e+00   7.6020237e-01   9.5446548e-01   9.9158227e-01   1.0518088e+00   7.1683526e-01
   8.9615431e-01   4.5350404e-01   6.4293243e-01   8.7605779e-01   1.0486286e+00   1.1057040e+00   1.3566252e+00   7.8242171e-01   9.7687705e-01   1.0151941e+00   1.0793393e+00   7.4032443e-01
   9.2274642e-01   4.6495295e-01   6.5319799e-01   8.8560018e-01   1.0642734e+00   1.1285060e+00   1.3862004e+00   8.0483441e-01   9.9933547e-01   1.0388780e+00   1.1070293e+00   7.6409495e-01
   9.4955883e-01   4.7668296e-01   6.6350402e-01   8.9513602e-01   1.0799365e+00   1.1511670e+00   1.4157119e+00   8.2743329e-01   1.0218320e+00   1.0626247e+00   1.1348683e+00   7.8813992e-01
   9.7658243e-01   4.8869447e-01   6.7385023e-01   9.0466666e-01   1.0956155e+00   1.1736765e+00   1.4451453e+00   8.5021113e-01   1.0443580e+00   1.0864248e+00   1.1628459e+00   8.1245225e-01
   1.0038080e+00   5.0098775e-01   6.8423644e-01   9.1419351e-01   1.1113084e+00   1.1960241e+00   1.4744863e+00   8.7316058e-01   1.0669049e+00   1.1102690e+00   1.1909513e+00   8.3702470e-01
   1.0312263e+00   5.1356291e-01   6.9466259e-01   9.2371804e-01   1.1270128e+00   1.2181998e+00   1.5037207e+00   8.9627425e-01   1.0894638e+00   1.1341481e+00   1.2191740e+00   8.6184986e-01
   1.0588280e+00   5.2641993e-01   7.0512869e-01   9.3324176e-01   1.1427267e+00   1.2401938e+00   1.5328345e+00   9.1954466e-01   1.1120264e+00   1.1580528e+00   1.2475031e+00   8.8692016e-01
   1.0866037e+00   5.3955866e-01   7.1563487e-01   9.4276623e-01   1.1584476e+00   1.2619966e+00   1.5618138e+00   9.4296425e-01   1.1345840e+00   1.1819739e+00   1.2759280e+00   9.1222787e-01
   1.1145440e+00   5.5297878e-01   7.2618138e-01   9.5229306e-01   1.1741735e+00   1.2835990e+00   1.5906447e+00   9.6652543e-01   1.1571282e+00   1.2059023e+00   1.3044377e+00   9.3776509e-01
   1.1426394e+00   5.6667987e-01   7.3676855e-01   9.6182390e-01   1.1899021e+00   1.3049920e+00   1.6193135e+00   9.9022051e-01   1.1796506e+00   1.2298287e+00   1.3330215e+00   9.6352380e-01
   1.1708803e+00   5.8066132e-01   7.4739684e-01   9.7136045e-01   1.2056313e+00   1.3261671e+00   1.6478067e+00   1.0140418e+00   1.2021427e+00   1.2537442e+00   1.3616684e+00   9.8949581e-01
   1.1992573e+00   5.9492243e-01   7.5806679e-01   9.8090447e-01   1.2213588e+00   1.3471159e+00   1.6761110e+00   1.0379814e+00   1.2245962e+00   1.2776398e+00   1.3903677e+00   1.0156728e+00
   1.2277606e+00   6.0946231e-01   7.6877905e-01   9.9045773e-01   1.2370824e+00   1.3678304e+00   1.7042131e+00   1.0620316e+00   1.2470030e+00   1.3015064e+00   1.4191082e+00   1.0420463e+00
   1.2563806e+00   6.2427997e-01   7.7953440e-01   1.0000221e+00   1.2527999e+00   1.3883029e+00   1.7321001e+00   1.0861845e+00   1.2693549e+00   1.3253352e+00   1.4478792e+00   1.0686077e+00
   1.2851078e+00   6.3937426e-01   7.9033369e-01   1.0095994e+00   1.2685091e+00   1.4085259e+00   1.7597589e+00   1.1104321e+00   1.2916437e+00   1.3491173e+00   1.4766696e+00   1.0953483e+00
   1.3139324e+00   6.5474388e-01   8.0117790e-01   1.0191916e+00   1.2842079e+00   1.4284926e+00   1.7871771e+00   1.1347665e+00   1.3138615e+00   1.3728441e+00   1.5054686e+00   1.1222593e+00
   1.3428447e+00   6.7038742e-01   8.1206809e-01   1.0288006e+00   1.2998940e+00   1.4481960e+00   1.8143420e+00   1.1591797e+00   1.3360004e+00   1.3965069e+00   1.5342651e+00   1.1493316e+00
   1.3718350e+00   6.8630331e-01   8.2300544e-01   1.0384284e+00   1.3155654e+00   1.4676298e+00   1.8412414e+00   1.1836638e+00   1.3580526e+00   1.4200970e+00   1.5630483e+00   1.1765561e+00
   1.4008937e+00   7.0248984e-01   8.3399122e-01   1.0480772e+00   1.3312197e+00   1.4867880e+00   1.8678633e+00   1.2082105e+00   1.3800104e+00   1.4436061e+00   1.5918073e+00   1.2039237e+00
   1.4300111e+00   7.1894517e-01   8.4502681e-01   1.0577489e+00   1.3468549e+00   1.5056647e+00   1.8941957e+00   1.2328120e+00   1.4018660e+00   1.4670256e+00   1.6205312e+00   1.2314251e+00
   1.4591773e+00   7.3566733e-01   8.5611370e-01   1.0674456e+00   1.3624689e+00   1.5242545e+00   1.9202270e+00   1.2574601e+00   1.4236122e+00   1.4903474e+00   1.6492091e+00   1.2590507e+00
   1.4883828e+00   7.5265421e-01   8.6725344e-01   1.0771696e+00   1.3780594e+00   1.5425525e+00   1.9459459e+00   1.2821467e+00   1.4452413e+00   1.5135632e+00   1.6778302e+00   1.2867912e+00
   1.5176179e+00   7.6990355e-01   8.7844773e-01   1.0869231e+00   1.3936243e+00   1.5605539e+00   1.9713411e+00   1.3068638e+00   1.4667462e+00   1.5366649e+00   1.7063837e+00   1.3146369e+00
   1.5468729e+00   7.8741297e-01   8.8969831e-01   1.0967081e+00   1.4091616e+00   1.5782543e+00   1.9964018e+00   1.3316032e+00   1.4881198e+00   1.5596445e+00   1.7348589e+00   1.3425780e+00
   1.5761381e+00   8.0517996e-01   9.0100706e-01   1.1065271e+00   1.4246691e+00   1.5956496e+00   2.0211172e+00   1.3563569e+00   1.5093549e+00   1.5824942e+00   1.7632452e+00   1.3706049e+00
   1.6054041e+00   8.2320187e-01   9.1237593e-01   1.1163823e+00   1.4401448e+00   1.6127363e+00   2.0454770e+00   1.3811168e+00   1.5304447e+00   1.6052063e+00   1.7915318e+00   1.3987075e+00
   1.6346611e+00   8.4147593e-01   9.2380698e-01   1.1262760e+00   1.4555865e+00   1.6295109e+00   2.0694710e+00   1.4058747e+00   1.5513824e+00   1.6277731e+00   1.8197082e+00   1.4268761e+00
   1.6638997e+00   8.5999922e-01   9.3530233e-01   1.1362107e+00   1.4709921e+00   1.6459706e+00   2.0930893e+00   1.4306227e+00   1.5721613e+00   1.6501871e+00   1.8477640e+00   1.4551006e+00
   1.6931104e+00   8.7876871e-01   9.4686422e-01   1.1461886e+00   1.4863598e+00   1.6621126e+00   2.1163222e+00   1.4553527e+00   1.5927751e+00   1.6724410e+00   1.8756887e+00   1.4833709e+00
   1.7222836e+00   8.9778124e-01   9.5849495e-01   1.1562123e+00   1.5016873e+00   1.6779348e+00   2.1391606e+00   1.4800567e+00   1.6132173e+00   1.6945276e+00   1.9034720e+00   1.5116768e+00
   1.7514101e+00   9.1703351e-01   9.7019693e-01   1.1662842e+00   1.5169727e+00   1.6934352e+00   2.1615953e+00   1.5047267e+00   1.6334818e+00   1.7164397e+00   1.9311037e+00   1.5400083e+00
   1.7804805e+00   9.3652213e-01   9.8197262e-01   1.1764068e+00   1.5322140e+00   1.7086123e+00   2.1836176e+00   1.5293547e+00   1.6535624e+00   1.7381704e+00   1.9585735e+00   1.5683550e+00
   1.8094855e+00   9.5624355e-01   9.9382460e-01   1.1865826e+00   1.5474092e+00   1.7234648e+00   2.2052191e+00   1.5539329e+00   1.6734534e+00   1.7597129e+00   1.9858714e+00   1.5967067e+00
   1.8384159e+00   9.7619411e-01   1.0057555e+00   1.1968142e+00   1.5625563e+00   1.7379919e+00   2.2263916e+00   1.5784534e+00   1.6931489e+00   1.7810606e+00   2.0129875e+00   1.6250531e+00
   1.8672625e+00   9.9637006e-01   1.0177680e+00   1.2071041e+00   1.5776535e+00   1.7521932e+00   2.2471273e+00   1.6029083e+00   1.7126436e+00   1.8022069e+00   2.0399119e+00   1.6533838e+00
   1.8960162e+00   1.0167675e+00   1.0298649e+00   1.2174549e+00   1.5926987e+00   1.7660684e+00   2.2674188e+00   1.6272899e+00   1.7319318e+00   1.8231456e+00   2.0666349e+00   1.6816885e+00
   1.9246681e+00   1.0373824e+00   1.0420490e+00   1.2278694e+00   1.6076902e+00   1.7796178e+00   2.2872588e+00   1.6515904e+00   1.7510085e+00   1.8438704e+00   2.0931469e+00   1.7099568e+00
   1.9532091e+00   1.0582106e+00   1.0543234e+00   1.2383501e+00   1.6226260e+00   1.7928419e+00   2.3066404e+00   1.6758022e+00   1.7698686e+00   1.8643753e+00   2.1194385e+00   1.7381783e+00
   1.9816306e+00   1.0792480e+00   1.0666909e+00   1.2488998e+00   1.6375044e+00   1.8057417e+00   2.3255573e+00   1.6999178e+00   1.7885073e+00   1.8846546e+00   2.1455001e+00   1.7663426e+00
   2.0099237e+00   1.1004902e+00   1.0791545e+00   1.2595212e+00   1.6523234e+00   1.8183184e+00   2.3440032e+00   1.7239295e+00   1.8069198e+00   1.9047024e+00   2.1713227e+00   1.7944392e+00
   2.0380798e+00   1.1219327e+00   1.0917175e+00   1.2702169e+00   1.6670813e+00   1.8305735e+00   2.3619722e+00   1.7478300e+00   1.8251018e+00   1.9245133e+00   2.1968972e+00   1.8224578e+00
   2.0660904e+00   1.1435710e+00   1.1043830e+00   1.2809899e+00   1.6817764e+00   1.8425091e+00   2.3794589e+00   1.7716119e+00   1.8430488e+00   1.9440820e+00   2.2222147e+00   1.8503880e+00
   2.0939469e+00   1.1654005e+00   1.1171540e+00   1.2918429e+00   1.6964069e+00   1.8541273e+00   2.3964583e+00   1.7952679e+00   1.8607568e+00   1.9634033e+00   2.2472664e+00   1.8782195e+00
   2.1216411e+00   1.1874163e+00   1.1300340e+00   1.3027786e+00   1.7109711e+00   1.8654309e+00   2.4129654e+00   1.8187908e+00   1.8782219e+00   1.9824723e+00   2.2720437e+00   1.9059418e+00
   2.1491646e+00   1.2096136e+00   1.1430262e+00   1.3138000e+00   1.7254674e+00   1.8764227e+00   2.4289760e+00   1.8421735e+00   1.8954404e+00   2.0012842e+00   2.2965381e+00   1.9335446e+00
   2.1765095e+00   1.2319875e+00   1.1561340e+00   1.3249099e+00   1.7398942e+00   1.8871061e+00   2.4444860e+00   1.8654090e+00   1.9124089e+00   2.0198343e+00   2.3207415e+00   1.9610177e+00
   2.2036676e+00   1.2545329e+00   1.1693607e+00   1.3361113e+00   1.7542498e+00   1.8974845e+00   2.4594917e+00   1.8884905e+00   1.9291239e+00   2.0381183e+00   2.3446458e+00   1.9883509e+00
   2.2306311e+00   1.2772447e+00   1.1827097e+00   1.3474069e+00   1.7685328e+00   1.9075620e+00   2.4739899e+00   1.9114111e+00   1.9455825e+00   2.0561320e+00   2.3682430e+00   2.0155340e+00
   2.2573923e+00   1.3001177e+00   1.1961845e+00   1.3587998e+00   1.7827415e+00   1.9173428e+00   2.4879777e+00   1.9341642e+00   1.9617817e+00   2.0738714e+00   2.3915254e+00   2.0425567e+00
   2.2839435e+00   1.3231465e+00   1.2097886e+00   1.3702928e+00   1.7968746e+00   1.9268313e+00   2.5014526e+00   1.9567432e+00   1.9777190e+00   2.0913326e+00   2.4144856e+00   2.0694092e+00
   2.3102773e+00   1.3463258e+00   1.2235254e+00   1.3818891e+00   1.8109306e+00   1.9360326e+00   2.5144125e+00   1.9791417e+00   1.9933919e+00   2.1085120e+00   2.4371162e+00   2.0960813e+00
   2.3363862e+00   1.3696501e+00   1.2373984e+00   1.3935915e+00   1.8249081e+00   1.9449516e+00   2.5268556e+00   2.0013533e+00   2.0087983e+00   2.1254063e+00   2.4594102e+00   2.1225632e+00
   2.3622632e+00   1.3931139e+00   1.2514111e+00   1.4054032e+00   1.8388058e+00   1.9535940e+00   2.5387807e+00   2.0233719e+00   2.0239361e+00   2.1420123e+00   2.4813606e+00   2.1488451e+00
   2.3879011e+00   1.4167115e+00   1.2655671e+00   1.4173270e+00   1.8526224e+00   1.9619653e+00   2.5501869e+00   2.0451916e+00   2.0388036e+00   2.1583269e+00   2.5029608e+00   2.1749171e+00
   2.4132931e+00   1.4404373e+00   1.2798699e+00   1.4293662e+00   1.8663566e+00   1.9700717e+00   2.5610736e+00   2.0668062e+00   2.0533993e+00   2.1743473e+00   2.5242044e+00   2.2007698e+00
   2.4384323e+00   1.4642854e+00   1.2943231e+00   1.4415237e+00   1.8800072e+00   1.9779195e+00   2.5714407e+00   2.0882102e+00   2.0677220e+00   2.1900711e+00   2.5450851e+00   2.2263935e+00
   2.4633123e+00   1.4882502e+00   1.3089301e+00   1.4538026e+00   1.8935731e+00   1.9855152e+00   2.5812886e+00   2.1093980e+00   2.0817706e+00   2.2054959e+00   2.5655969e+00   2.2517789e+00
   2.4879265e+00   1.5123256e+00   1.3236944e+00   1.4662062e+00   1.9070532e+00   1.9928657e+00   2.5906180e+00   2.1303641e+00   2.0955443e+00   2.2206195e+00   2.5857342e+00   2.2769167e+00
   2.5122687e+00   1.5365058e+00   1.3386196e+00   1.4787374e+00   1.9204465e+00   1.9999780e+00   2.5994301e+00   2.1511031e+00   2.1090426e+00   2.2354401e+00   2.6054914e+00   2.3017976e+00
   2.5363329e+00   1.5607847e+00   1.3537091e+00   1.4913995e+00   1.9337519e+00   2.0068597e+00   2.6077265e+00   2.1716101e+00   2.1222652e+00   2.2499559e+00   2.6248634e+00   2.3264128e+00
   2.5601130e+00   1.5851564e+00   1.3689663e+00   1.5041956e+00   1.9469686e+00   2.0135182e+00   2.6155091e+00   2.1918801e+00   2.1352121e+00   2.2641654e+00   2.6438451e+00   2.3507533e+00
   2.5836034e+00   1.6096147e+00   1.3843948e+00   1.5171290e+00   1.9600956e+00   2.0199614e+00   2.6227805e+00   2.2119084e+00   2.1478834e+00   2.2780676e+00   2.6624318e+00   2.3748104e+00
   2.6067985e+00   1.6341534e+00   1.3999978e+00   1.5302027e+00   1.9731322e+00   2.0261974e+00   2.6295436e+00   2.2316903e+00   2.1602796e+00   2.2916613e+00   2.6806192e+00   2.3985755e+00
   2.6296930e+00   1.6587665e+00   1.4157787e+00   1.5434201e+00   1.9860776e+00   2.0322345e+00   2.6358015e+00   2.2512215e+00   2.1724014e+00   2.3049458e+00   2.6984030e+00   2.4220403e+00
   2.6522815e+00   1.6834478e+00   1.4317408e+00   1.5567843e+00   1.9989312e+00   2.0380811e+00   2.6415582e+00   2.2704978e+00   2.1842499e+00   2.3179205e+00   2.7157793e+00   2.4451966e+00
   2.6745592e+00   1.7081908e+00   1.4478873e+00   1.5702986e+00   2.0116922e+00   2.0437460e+00   2.6468178e+00   2.2895151e+00   2.1958262e+00   2.3305851e+00   2.7327446e+00   2.4680362e+00
   2.6965213e+00   1.7329895e+00   1.4642214e+00   1.5839663e+00   2.0243603e+00   2.0492382e+00   2.6515849e+00   2.3082698e+00   2.2071320e+00   2.3429396e+00   2.7492956e+00   2.4905515e+00
   2.7181631e+00   1.7578375e+00   1.4807462e+00   1.5977907e+00   2.0369349e+00   2.0545666e+00   2.6558647e+00   2.3267583e+00   2.2181688e+00   2.3549840e+00   2.7654293e+00   2.5127347e+00
   2.7394803e+00   1.7827285e+00   1.4974648e+00   1.6117750e+00   2.0494155e+00   2.0597406e+00   2.6596627e+00   2.3449771e+00   2.2289389e+00   2.3667189e+00   2.7811430e+00   2.5345785e+00
   2.7604686e+00   1.8076561e+00   1.5143801e+00   1.6259226e+00   2.0618020e+00   2.0647695e+00   2.6629849e+00   2.3629231e+00   2.2394445e+00   2.3781449e+00   2.7964342e+00   2.5560757e+00
   2.7811242e+00   1.8326141e+00   1.5314949e+00   1.6402369e+00   2.0740940e+00   2.0696630e+00   2.6658377e+00   2.3805934e+00   2.2496882e+00   2.3892627e+00   2.8113010e+00   2.5772192e+00
