   4.2100697e+00   4.6081583e+00   4.9695387e+00   4.8345723e+00   5.2419104e+00   4.9033324e+00   3.7497953e+00   3.3652424e+00   4.1000073e+00   4.6977135e+00   3.9747772e+00   4.0517657e+00
   4.1995716e+00   4.6683550e+00   4.9783021e+00   4.8591279e+00   5.1602725e+00   4.7859416e+00   3.7487399e+00   3.3658317e+00   4.0226012e+00   4.6444915e+00   3.9391590e+00   4.0341582e+00
   4.1896249e+00   4.7251345e+00   4.9870302e+00   4.8845068e+00   5.0883288e+00   4.6787289e+00   3.7508666e+00   3.3686646e+00   3.9540329e+00   4.5955221e+00   3.9071531e+00   4.0184217e+00
   4.1802087e+00   4.7785966e+00   4.9957091e+00   4.9106048e+00   5.0255947e+00   4.5812402e+00   3.7559956e+00   3.3736156e+00   3.8938919e+00   4.5506130e+00   3.8785806e+00   4.0044567e+00
   4.1713020e+00   4.8288396e+00   5.0043254e+00   4.9373214e+00   4.9715984e+00   4.4930331e+00   3.7639519e+00   3.3805619e+00   3.8417785e+00   4.5095765e+00   3.8532670e+00   3.9921663e+00
   4.1628844e+00   4.8759595e+00   5.0128658e+00   4.9645594e+00   4.9258812e+00   4.4136768e+00   3.7745651e+00   3.3893843e+00   3.7973031e+00   4.4722299e+00   3.8310427e+00   3.9814560e+00
   4.1549353e+00   4.9200506e+00   5.0213175e+00   4.9922252e+00   4.8879973e+00   4.3427518e+00   3.7876694e+00   3.3999665e+00   3.7600866e+00   4.4383949e+00   3.8117429e+00   3.9722340e+00
   4.1474346e+00   4.9612053e+00   5.0296679e+00   5.0202282e+00   4.8575135e+00   4.2798497e+00   3.8031035e+00   3.4121952e+00   3.7297602e+00   4.4078978e+00   3.7952069e+00   3.9644110e+00
   4.1403624e+00   4.9995140e+00   5.0379048e+00   5.0484812e+00   4.8340087e+00   4.2245732e+00   3.8207105e+00   3.4259604e+00   3.7059650e+00   4.3805696e+00   3.7812789e+00   3.9579003e+00
   4.1336990e+00   5.0350653e+00   5.0460163e+00   5.0769003e+00   4.8170744e+00   4.1765360e+00   3.8403381e+00   3.4411546e+00   3.6883518e+00   4.3562457e+00   3.7698072e+00   3.9526174e+00
   4.1274250e+00   5.0679460e+00   5.0539909e+00   5.1054046e+00   4.8063138e+00   4.1353620e+00   3.8618379e+00   3.4576738e+00   3.6765813e+00   4.3347657e+00   3.7606447e+00   3.9484804e+00
   4.1215210e+00   5.0982413e+00   5.0618171e+00   5.1339163e+00   4.8013421e+00   4.1006862e+00   3.8850661e+00   3.4754163e+00   3.6703238e+00   4.3159737e+00   3.7536484e+00   3.9454097e+00
   4.1159682e+00   5.1260342e+00   5.0694842e+00   5.1623608e+00   4.8017859e+00   4.0721535e+00   3.9098829e+00   3.4942837e+00   3.6692590e+00   4.2997181e+00   3.7486795e+00   3.9433281e+00
   4.1107477e+00   5.1514062e+00   5.0769814e+00   5.1906661e+00   4.8072836e+00   4.0494193e+00   3.9361528e+00   3.5141803e+00   3.6730756e+00   4.2858515e+00   3.7456035e+00   3.9421604e+00
   4.1058411e+00   5.1744372e+00   5.0842984e+00   5.2187635e+00   4.8174844e+00   4.0321487e+00   3.9637442e+00   3.5350130e+00   3.6814717e+00   4.2742305e+00   3.7442898e+00   3.9418342e+00
   4.1012300e+00   5.1952051e+00   5.0914252e+00   5.2465870e+00   4.8320489e+00   4.0200169e+00   3.9925296e+00   3.5566916e+00   3.6941544e+00   4.2647159e+00   3.7446120e+00   3.9422789e+00
   4.0968965e+00   5.2137863e+00   5.0983520e+00   5.2740735e+00   4.8506484e+00   4.0127088e+00   4.0223853e+00   3.5791284e+00   3.7108394e+00   4.2571726e+00   3.7464474e+00   3.9434261e+00
   4.0928228e+00   5.2302554e+00   5.1050694e+00   5.3011626e+00   4.8729650e+00   4.0099187e+00   4.0531916e+00   3.6022387e+00   3.7312512e+00   4.2514691e+00   3.7496773e+00   3.9452099e+00
   4.0889913e+00   5.2446855e+00   5.1115684e+00   5.3277965e+00   4.8986912e+00   4.0113505e+00   4.0848326e+00   3.6259400e+00   3.7551229e+00   4.2474783e+00   3.7541870e+00   3.9475662e+00
   4.0853848e+00   5.2571481e+00   5.1178399e+00   5.3539203e+00   4.9275299e+00   4.0167171e+00   4.1171961e+00   3.6501526e+00   3.7821960e+00   4.2450766e+00   3.7598653e+00   3.9504330e+00
   4.0819863e+00   5.2677128e+00   5.1238756e+00   5.3794815e+00   4.9591941e+00   4.0257407e+00   4.1501738e+00   3.6747993e+00   3.8122200e+00   4.2441441e+00   3.7666047e+00   3.9537507e+00
   4.0787789e+00   5.2764481e+00   5.1296672e+00   5.4044303e+00   4.9934067e+00   4.0381522e+00   4.1836607e+00   3.6998054e+00   3.8449528e+00   4.2445650e+00   3.7743014e+00   3.9574612e+00
   4.0757463e+00   5.2834205e+00   5.1352066e+00   5.4287193e+00   5.0299007e+00   4.0536914e+00   4.2175557e+00   3.7250985e+00   3.8801603e+00   4.2462269e+00   3.7828553e+00   3.9615087e+00
   4.0728720e+00   5.2886951e+00   5.1404862e+00   5.4523036e+00   5.0684183e+00   4.0721069e+00   4.2517610e+00   3.7506088e+00   3.9176161e+00   4.2490209e+00   3.7921695e+00   3.9658395e+00
   4.0701402e+00   5.2923357e+00   5.1454987e+00   5.4751406e+00   5.1087114e+00   4.0931554e+00   4.2861824e+00   3.7762688e+00   3.9571014e+00   4.2528420e+00   3.8021507e+00   3.9704014e+00
   4.0675351e+00   5.2944043e+00   5.1502369e+00   5.4971903e+00   5.1505411e+00   4.1166021e+00   4.3207290e+00   3.8020133e+00   3.9984053e+00   4.2575882e+00   3.8127092e+00   3.9751444e+00
   4.0650412e+00   5.2949617e+00   5.1546939e+00   5.5184148e+00   5.1936775e+00   4.1422205e+00   4.3553133e+00   3.8277795e+00   4.0413241e+00   4.2631613e+00   3.8237581e+00   3.9800203e+00
   4.0626432e+00   5.2940670e+00   5.1588632e+00   5.5387784e+00   5.2378999e+00   4.1697919e+00   4.3898511e+00   3.8535067e+00   4.0856614e+00   4.2694664e+00   3.8352143e+00   3.9849826e+00
   4.0603264e+00   5.2917780e+00   5.1627384e+00   5.5582478e+00   5.2829960e+00   4.1991056e+00   4.4242614e+00   3.8791366e+00   4.1312280e+00   4.2764118e+00   3.8469975e+00   3.9899868e+00
   4.0580758e+00   5.2881510e+00   5.1663137e+00   5.5767917e+00   5.3287624e+00   4.2299587e+00   4.4584665e+00   3.9046130e+00   4.1778418e+00   4.2839091e+00   3.8590308e+00   3.9949900e+00
   4.0558772e+00   5.2832411e+00   5.1695832e+00   5.5943811e+00   5.3750038e+00   4.2621558e+00   4.4923916e+00   3.9298819e+00   4.2253277e+00   4.2918732e+00   3.8712402e+00   3.9999510e+00
   4.0537164e+00   5.2771019e+00   5.1725414e+00   5.6109889e+00   5.4215336e+00   4.2955089e+00   4.5259651e+00   3.9548912e+00   4.2735170e+00   4.3002220e+00   3.8835549e+00   4.0048304e+00
   4.0515794e+00   5.2697856e+00   5.1751831e+00   5.6265900e+00   5.4681728e+00   4.3298375e+00   4.5591185e+00   3.9795913e+00   4.3222480e+00   4.3088766e+00   3.8959068e+00   4.0095904e+00
   4.0494527e+00   5.2613431e+00   5.1775033e+00   5.6411613e+00   5.5147507e+00   4.3649681e+00   4.5917861e+00   4.0039342e+00   4.3713655e+00   4.3177610e+00   3.9082311e+00   4.0141949e+00
   4.0473229e+00   5.2518241e+00   5.1794973e+00   5.6546817e+00   5.5611042e+00   4.4007343e+00   4.6239051e+00   4.0278742e+00   4.4207205e+00   4.3268023e+00   3.9204654e+00   4.0186093e+00
   4.0451770e+00   5.2412768e+00   5.1811606e+00   5.6671319e+00   5.6070779e+00   4.4369766e+00   4.6554157e+00   4.0513674e+00   4.4701705e+00   4.3359305e+00   3.9325504e+00   4.0228006e+00
   4.0430021e+00   5.2297484e+00   5.1824891e+00   5.6784946e+00   5.6525237e+00   4.4735421e+00   4.6862608e+00   4.0743720e+00   4.5195790e+00   4.3450785e+00   3.9444296e+00   4.0267375e+00
   4.0407856e+00   5.2172846e+00   5.1834788e+00   5.6887540e+00   5.6973009e+00   4.5102849e+00   4.7163861e+00   4.0968480e+00   4.5688154e+00   4.3541819e+00   3.9560488e+00   4.0303899e+00
   4.0385154e+00   5.2039300e+00   5.1841259e+00   5.6978962e+00   5.7412760e+00   4.5470652e+00   4.7457398e+00   4.1187572e+00   4.6177554e+00   4.3631793e+00   3.9673569e+00   4.0337295e+00
   4.0361794e+00   5.1897279e+00   5.1844271e+00   5.7059091e+00   5.7843225e+00   4.5837498e+00   4.7742730e+00   4.1400634e+00   4.6662801e+00   4.3720117e+00   3.9783050e+00   4.0367293e+00
   4.0337659e+00   5.1747205e+00   5.1843790e+00   5.7127820e+00   5.8263205e+00   4.6202115e+00   4.8019393e+00   4.1607320e+00   4.7142765e+00   4.3806229e+00   3.9888469e+00   4.0393636e+00
   4.0312634e+00   5.1589489e+00   5.1839786e+00   5.7185061e+00   5.8671570e+00   4.6563294e+00   4.8286947e+00   4.1807303e+00   4.7616369e+00   4.3889595e+00   3.9989389e+00   4.0416083e+00
   4.0286609e+00   5.1424527e+00   5.1832233e+00   5.7230740e+00   5.9067255e+00   4.6919885e+00   4.8544978e+00   4.2000274e+00   4.8082593e+00   4.3969704e+00   4.0085396e+00   4.0434406e+00
   4.0259473e+00   5.1252707e+00   5.1821104e+00   5.7264799e+00   5.9449259e+00   4.7270797e+00   4.8793098e+00   4.2185940e+00   4.8540468e+00   4.4046071e+00   4.0176099e+00   4.0448391e+00
   4.0231122e+00   5.1074405e+00   5.1806378e+00   5.7287194e+00   5.9816642e+00   4.7614993e+00   4.9030939e+00   4.2364023e+00   4.8989078e+00   4.4118236e+00   4.0261133e+00   4.0457834e+00
   4.0201450e+00   5.0889984e+00   5.1788033e+00   5.7297896e+00   6.0168526e+00   4.7951497e+00   4.9258159e+00   4.2534265e+00   4.9427558e+00   4.4185763e+00   4.0340152e+00   4.0462548e+00
   4.0170358e+00   5.0699800e+00   5.1766050e+00   5.7296891e+00   6.0504093e+00   4.8279382e+00   4.9474439e+00   4.2696421e+00   4.9855091e+00   4.4248238e+00   4.0412835e+00   4.0462356e+00
   4.0137748e+00   5.0504195e+00   5.1740415e+00   5.7284176e+00   6.0822582e+00   4.8597779e+00   4.9679482e+00   4.2850263e+00   5.0270910e+00   4.4305273e+00   4.0478881e+00   4.0457094e+00
   4.0103524e+00   5.0303502e+00   5.1711112e+00   5.7259765e+00   6.1123288e+00   4.8905868e+00   4.9873012e+00   4.2995577e+00   5.0674295e+00   4.4356500e+00   4.0538011e+00   4.0446609e+00
   4.0067594e+00   5.0098043e+00   5.1678130e+00   5.7223681e+00   6.1405564e+00   4.9202881e+00   5.0054775e+00   4.3132167e+00   5.1064572e+00   4.4401575e+00   4.0589964e+00   4.0430761e+00
   4.0029869e+00   4.9888131e+00   5.1641459e+00   5.7175963e+00   6.1668813e+00   4.9488100e+00   5.0224538e+00   4.3259848e+00   5.1441113e+00   4.4440174e+00   4.0634503e+00   4.0409421e+00
   3.9990262e+00   4.9674067e+00   5.1601091e+00   5.7116659e+00   6.1912494e+00   4.9760854e+00   5.0382088e+00   4.3378452e+00   5.1803332e+00   4.4471996e+00   4.0671407e+00   4.0382470e+00
   3.9948687e+00   4.9456144e+00   5.1557022e+00   5.7045830e+00   6.2136115e+00   5.0020522e+00   5.0527234e+00   4.3487824e+00   5.2150690e+00   4.4496759e+00   4.0700477e+00   4.0349802e+00
   3.9905065e+00   4.9234645e+00   5.1509247e+00   5.6963549e+00   6.2339234e+00   5.0266526e+00   5.0659801e+00   4.3587823e+00   5.2482685e+00   4.4514202e+00   4.0721530e+00   4.0311321e+00
   3.9859317e+00   4.9009844e+00   5.1457766e+00   5.6869899e+00   6.2521458e+00   5.0498336e+00   5.0779636e+00   4.3678322e+00   5.2798859e+00   4.4524084e+00   4.0734403e+00   4.0266939e+00
   3.9811366e+00   4.8782005e+00   5.1402579e+00   5.6764973e+00   6.2682439e+00   5.0715462e+00   5.0886603e+00   4.3759207e+00   5.3098794e+00   4.4526184e+00   4.0738950e+00   4.0216581e+00
   3.9761140e+00   4.8551383e+00   5.1343688e+00   5.6648876e+00   6.2821879e+00   5.0917461e+00   5.0980586e+00   4.3830376e+00   5.3382109e+00   4.4520297e+00   4.0735041e+00   4.0160181e+00
   3.9708568e+00   4.8318223e+00   5.1281098e+00   5.6521722e+00   6.2939520e+00   5.1103928e+00   5.1061484e+00   4.3891739e+00   5.3648462e+00   4.4506240e+00   4.0722566e+00   4.0097682e+00
   3.9653583e+00   4.8082765e+00   5.1214815e+00   5.6383633e+00   6.3035149e+00   5.1274500e+00   5.1129215e+00   4.3943222e+00   5.3897548e+00   4.4483846e+00   4.0701427e+00   4.0029037e+00
   3.9596120e+00   4.7845236e+00   5.1144848e+00   5.6234742e+00   6.3108595e+00   5.1428854e+00   5.1183715e+00   4.3984759e+00   5.4129096e+00   4.4452966e+00   4.0671545e+00   3.9954208e+00
   3.9536116e+00   4.7605857e+00   5.1071207e+00   5.6075190e+00   6.3159728e+00   5.1566703e+00   5.1224933e+00   4.4016298e+00   5.4342873e+00   4.4413468e+00   4.0632856e+00   3.9873165e+00
   3.9473513e+00   4.7364840e+00   5.0993904e+00   5.5905127e+00   6.3188457e+00   5.1687800e+00   5.1252837e+00   4.4037796e+00   5.4538676e+00   4.4365236e+00   4.0585309e+00   3.9785888e+00
   3.9408254e+00   4.7122389e+00   5.0912953e+00   5.5724710e+00   6.3194728e+00   5.1791932e+00   5.1267410e+00   4.4049224e+00   5.4716338e+00   4.4308172e+00   4.0528868e+00   3.9692365e+00
   3.9340285e+00   4.6878701e+00   5.0828370e+00   5.5534105e+00   6.3178526e+00   5.1878922e+00   5.1268648e+00   4.4050563e+00   5.4875722e+00   4.4242193e+00   4.0463514e+00   3.9592591e+00
   3.9269554e+00   4.6633963e+00   5.0740171e+00   5.5333483e+00   6.3139870e+00   5.1948625e+00   5.1256564e+00   4.4041803e+00   5.5016722e+00   4.4167229e+00   4.0389238e+00   3.9486570e+00
   3.9196014e+00   4.6388356e+00   5.0648377e+00   5.5123025e+00   6.3078815e+00   5.2000933e+00   5.1231185e+00   4.4022946e+00   5.5139263e+00   4.4083229e+00   4.0306046e+00   3.9374313e+00
   3.9119618e+00   4.6142054e+00   5.0553007e+00   5.4902918e+00   6.2995449e+00   5.2035765e+00   5.1192551e+00   4.3994003e+00   5.5243297e+00   4.3990155e+00   4.0213956e+00   3.9255840e+00
   3.9040324e+00   4.5895222e+00   5.0454085e+00   5.4673353e+00   6.2889891e+00   5.2053075e+00   5.1140716e+00   4.3954997e+00   5.5328808e+00   4.3887981e+00   4.0112998e+00   3.9131176e+00
   3.8958090e+00   4.5648019e+00   5.0351634e+00   5.4434531e+00   6.2762292e+00   5.2052845e+00   5.1075746e+00   4.3905956e+00   5.5395802e+00   4.3776697e+00   4.0003217e+00   3.9000354e+00
   3.8872880e+00   4.5400597e+00   5.0245681e+00   5.4186655e+00   6.2612833e+00   5.2035086e+00   5.0997722e+00   4.3846922e+00   5.5444316e+00   4.3656307e+00   3.9884664e+00   3.8863414e+00
   3.8784658e+00   4.5153101e+00   5.0136252e+00   5.3929937e+00   6.2441725e+00   5.1999836e+00   5.0906734e+00   4.3777942e+00   5.5474410e+00   4.3526827e+00   3.9757407e+00   3.8720403e+00
   3.8693392e+00   4.4905669e+00   5.0023377e+00   5.3664590e+00   6.2249203e+00   5.1947163e+00   5.0802887e+00   4.3699076e+00   5.5486167e+00   4.3388283e+00   3.9621521e+00   3.8571373e+00
   3.8599052e+00   4.4658431e+00   4.9907085e+00   5.3390836e+00   6.2035534e+00   5.1877158e+00   5.0686296e+00   4.3610388e+00   5.5479698e+00   4.3240718e+00   3.9477092e+00   3.8416382e+00
   3.8501610e+00   4.4411514e+00   4.9787410e+00   5.3108899e+00   6.1801005e+00   5.1789937e+00   5.0557087e+00   4.3511952e+00   5.5455134e+00   4.3084183e+00   3.9324217e+00   3.8255496e+00
   3.8401043e+00   4.4165037e+00   4.9664384e+00   5.2819009e+00   6.1545931e+00   5.1685643e+00   5.0415396e+00   4.3403851e+00   5.5412626e+00   4.2918742e+00   3.9163002e+00   3.8088784e+00
   3.8297329e+00   4.3919111e+00   4.9538042e+00   5.2521398e+00   6.1270650e+00   5.1564440e+00   5.0261371e+00   4.3286175e+00   5.5352351e+00   4.2744469e+00   3.8993562e+00   3.7916323e+00
   3.8190447e+00   4.3673844e+00   4.9408420e+00   5.2216303e+00   6.0975520e+00   5.1426515e+00   5.0095170e+00   4.3159020e+00   5.5274503e+00   4.2561451e+00   3.8816021e+00   3.7738193e+00
   3.8080382e+00   4.3429336e+00   4.9275556e+00   5.1903964e+00   6.0660925e+00   5.1272075e+00   4.9916958e+00   4.3022491e+00   5.5179295e+00   4.2369782e+00   3.8630511e+00   3.7554481e+00
   3.7967119e+00   4.3185683e+00   4.9139490e+00   5.1584624e+00   6.0327264e+00   5.1101349e+00   4.9726913e+00   4.2876699e+00   5.5066961e+00   4.2169568e+00   3.8437173e+00   3.7365277e+00
   3.7850647e+00   4.2942975e+00   4.9000261e+00   5.1258530e+00   5.9974959e+00   5.0914586e+00   4.9525219e+00   4.2721761e+00   5.4937751e+00   4.1960925e+00   3.8236155e+00   3.7170677e+00
   3.7730956e+00   4.2701294e+00   4.8857910e+00   5.0925930e+00   5.9604450e+00   5.0712053e+00   4.9312069e+00   4.2557803e+00   5.4791932e+00   4.1743976e+00   3.8027613e+00   3.6970781e+00
   3.7608040e+00   4.2460720e+00   4.8712482e+00   5.0587075e+00   5.9216191e+00   5.0494034e+00   4.9087664e+00   4.2384954e+00   5.4629790e+00   4.1518854e+00   3.7811709e+00   3.6765694e+00
   3.7481895e+00   4.2221327e+00   4.8564020e+00   5.0242218e+00   5.8810658e+00   5.0260831e+00   4.8852216e+00   4.2203352e+00   5.4451623e+00   4.1285701e+00   3.7588613e+00   3.6555522e+00
   3.7352519e+00   4.1983184e+00   4.8412570e+00   4.9891615e+00   5.8388337e+00   5.0012764e+00   4.8605940e+00   4.2013137e+00   5.4257745e+00   4.1044667e+00   3.7358501e+00   3.6340380e+00
   3.7219913e+00   4.1746353e+00   4.8258178e+00   4.9535522e+00   5.7949732e+00   4.9750165e+00   4.8349060e+00   4.1814459e+00   5.4048485e+00   4.0795910e+00   3.7121553e+00   3.6120383e+00
   3.7084081e+00   4.1510894e+00   4.8100892e+00   4.9174196e+00   5.7495360e+00   4.9473382e+00   4.8081807e+00   4.1607469e+00   5.3824184e+00   4.0539593e+00   3.6877958e+00   3.5895650e+00
   3.6945028e+00   4.1276861e+00   4.7940760e+00   4.8807897e+00   5.7025749e+00   4.9182779e+00   4.7804418e+00   4.1392327e+00   5.3585196e+00   4.0275889e+00   3.6627909e+00   3.5666305e+00
   3.6802763e+00   4.1044304e+00   4.7777833e+00   4.8436883e+00   5.6541441e+00   4.8878730e+00   4.7517138e+00   4.1169194e+00   5.3331888e+00   4.0004978e+00   3.6371602e+00   3.5432472e+00
   3.6657295e+00   4.0813268e+00   4.7612162e+00   4.8061417e+00   5.6042989e+00   4.8561622e+00   4.7220214e+00   4.0938239e+00   5.3064636e+00   3.9727044e+00   3.6109240e+00   3.5194281e+00
   3.6508639e+00   4.0583795e+00   4.7443798e+00   4.7681757e+00   5.5530953e+00   4.8231854e+00   4.6913903e+00   4.0699632e+00   5.2783828e+00   3.9442279e+00   3.5841031e+00   3.4951864e+00
   3.6356809e+00   4.0355920e+00   4.7272795e+00   4.7298166e+00   5.5005907e+00   4.7889836e+00   4.6598464e+00   4.0453552e+00   5.2489862e+00   3.9150881e+00   3.5567184e+00   3.4705355e+00
   3.6201823e+00   4.0129678e+00   4.7099207e+00   4.6910903e+00   5.4468428e+00   4.7535988e+00   4.6274161e+00   4.0200176e+00   5.2183142e+00   3.8853051e+00   3.5287915e+00   3.4454891e+00
   3.6043701e+00   3.9905097e+00   4.6923089e+00   4.6520230e+00   5.3919105e+00   4.7170739e+00   4.5941265e+00   3.9939690e+00   5.1864086e+00   3.8548999e+00   3.5003442e+00   3.4200611e+00
   3.5882465e+00   3.9682202e+00   4.6744497e+00   4.6126405e+00   5.3358532e+00   4.6794525e+00   4.5600048e+00   3.9672280e+00   5.1533114e+00   3.8238937e+00   3.4713986e+00   3.3942655e+00
   3.5718140e+00   3.9461015e+00   4.6563488e+00   4.5729689e+00   5.2787309e+00   4.6407793e+00   4.5250789e+00   3.9398138e+00   5.1190656e+00   3.7923082e+00   3.4419771e+00   3.3681168e+00
   3.5550752e+00   3.9241554e+00   4.6380119e+00   4.5330340e+00   5.2206042e+00   4.6010994e+00   4.4893768e+00   3.9117456e+00   5.0837149e+00   3.7601658e+00   3.4121025e+00   3.3416294e+00
   3.5380331e+00   3.9023833e+00   4.6194449e+00   4.4928614e+00   5.1615339e+00   4.5604589e+00   4.4529271e+00   3.8830433e+00   5.0473036e+00   3.7274889e+00   3.3817975e+00   3.3148180e+00
   3.5206908e+00   3.8807864e+00   4.6006537e+00   4.4524768e+00   5.1015814e+00   4.5189040e+00   4.4157586e+00   3.8537267e+00   5.0098762e+00   3.6943005e+00   3.3510853e+00   3.2876973e+00
   3.5030515e+00   3.8593654e+00   4.5816443e+00   4.4119056e+00   5.0408083e+00   4.4764819e+00   4.3779002e+00   3.8238161e+00   4.9714780e+00   3.6606240e+00   3.3199893e+00   3.2602823e+00
   3.4851190e+00   3.8381210e+00   4.5624229e+00   4.3711730e+00   4.9792766e+00   4.4332400e+00   4.3393814e+00   3.7933319e+00   4.9321546e+00   3.6264830e+00   3.2885328e+00   3.2325881e+00
   3.4668968e+00   3.8170531e+00   4.5429955e+00   4.3303041e+00   4.9170481e+00   4.3892260e+00   4.3002316e+00   3.7622948e+00   4.8919520e+00   3.5919013e+00   3.2567395e+00   3.2046299e+00
   3.4483891e+00   3.7961619e+00   4.5233684e+00   4.2893238e+00   4.8541849e+00   4.3444882e+00   4.2604806e+00   3.7307257e+00   4.8509164e+00   3.5569032e+00   3.2246329e+00   3.1764228e+00
   3.4295999e+00   3.7754468e+00   4.5035479e+00   4.2482568e+00   4.7907492e+00   4.2990750e+00   4.2201582e+00   3.6986455e+00   4.8090943e+00   3.5215131e+00   3.1922369e+00   3.1479821e+00
   3.4105337e+00   3.7549074e+00   4.4835404e+00   4.2071273e+00   4.7268029e+00   4.2530349e+00   4.1792947e+00   3.6660757e+00   4.7665323e+00   3.4857555e+00   3.1595752e+00   3.1193234e+00
   3.3911950e+00   3.7345426e+00   4.4633522e+00   4.1659596e+00   4.6624079e+00   4.2064167e+00   4.1379201e+00   3.6330374e+00   4.7232773e+00   3.4496554e+00   3.1266716e+00   3.0904620e+00
   3.3715887e+00   3.7143513e+00   4.4429899e+00   4.1247774e+00   4.5976259e+00   4.1592693e+00   4.0960646e+00   3.5995522e+00   4.6793760e+00   3.4132376e+00   3.0935500e+00   3.0614133e+00
   3.3517196e+00   3.6943322e+00   4.4224599e+00   4.0836045e+00   4.5325184e+00   4.1116414e+00   4.0537588e+00   3.5656416e+00   4.6348755e+00   3.3765273e+00   3.0602340e+00   3.0321928e+00
   3.3315931e+00   3.6744837e+00   4.4017688e+00   4.0424639e+00   4.4671465e+00   4.0635820e+00   4.0110329e+00   3.5313275e+00   4.5898224e+00   3.3395496e+00   3.0267475e+00   3.0028160e+00
   3.3112144e+00   3.6548039e+00   4.3809233e+00   4.0013787e+00   4.4015709e+00   4.0151397e+00   3.9679173e+00   3.4966315e+00   4.5442637e+00   3.3023299e+00   2.9931141e+00   2.9732985e+00
   3.2905891e+00   3.6352909e+00   4.3599299e+00   3.9603715e+00   4.3358520e+00   3.9663633e+00   3.9244425e+00   3.4615755e+00   4.4982459e+00   3.2648934e+00   2.9593575e+00   2.9436555e+00
   3.2697229e+00   3.6159425e+00   4.3387955e+00   3.9194644e+00   4.2700496e+00   3.9173010e+00   3.8806389e+00   3.4261813e+00   4.4518156e+00   3.2272656e+00   2.9255010e+00   2.9139027e+00
   3.2486218e+00   3.5967562e+00   4.3175268e+00   3.8786795e+00   4.2042229e+00   3.8680012e+00   3.8365367e+00   3.3904709e+00   4.4050189e+00   3.1894718e+00   2.8915679e+00   2.8840553e+00
   3.2272918e+00   3.5777294e+00   4.2961305e+00   3.8380381e+00   4.1384306e+00   3.8185116e+00   3.7921663e+00   3.3544661e+00   4.3579019e+00   3.1515374e+00   2.8575816e+00   2.8541286e+00
   3.2057393e+00   3.5588595e+00   4.2746134e+00   3.7975614e+00   4.0727308e+00   3.7688799e+00   3.7475577e+00   3.3181889e+00   4.3105102e+00   3.1134878e+00   2.8235649e+00   2.8241380e+00
   3.1839706e+00   3.5401435e+00   4.2529824e+00   3.7572700e+00   4.0071807e+00   3.7191531e+00   3.7027411e+00   3.2816612e+00   4.2628892e+00   3.0753482e+00   2.7895406e+00   2.7940985e+00
   3.1619923e+00   3.5215784e+00   4.2312444e+00   3.7171844e+00   3.9418368e+00   3.6693780e+00   3.6577464e+00   3.2449048e+00   4.2150837e+00   3.0371438e+00   2.7555314e+00   2.7640253e+00
   3.1398113e+00   3.5031610e+00   4.2094063e+00   3.6773243e+00   3.8767549e+00   3.6196010e+00   3.6126033e+00   3.2079416e+00   4.1671383e+00   2.9988997e+00   2.7215596e+00   2.7339334e+00
   3.1174344e+00   3.4848880e+00   4.1874749e+00   3.6377092e+00   3.8119898e+00   3.5698675e+00   3.5673413e+00   3.1707932e+00   4.1190969e+00   2.9606410e+00   2.6876473e+00   2.7038375e+00
   3.0948687e+00   3.4667559e+00   4.1654572e+00   3.5983579e+00   3.7475955e+00   3.5202230e+00   3.5219899e+00   3.1334813e+00   4.0710030e+00   2.9223925e+00   2.6538163e+00   2.6737526e+00
   3.0721215e+00   3.4487612e+00   4.1433601e+00   3.5592891e+00   3.6836249e+00   3.4707117e+00   3.4765783e+00   3.0960276e+00   4.0228996e+00   2.8841789e+00   2.6200882e+00   2.6436931e+00
   3.0492002e+00   3.4309001e+00   4.1211906e+00   3.5205207e+00   3.6201302e+00   3.4213778e+00   3.4311353e+00   3.0584535e+00   3.9748290e+00   2.8460246e+00   2.5864843e+00   2.6136735e+00
   3.0261123e+00   3.4131691e+00   4.0989556e+00   3.4820703e+00   3.5571621e+00   3.3722643e+00   3.3856896e+00   3.0207803e+00   3.9268328e+00   2.8079540e+00   2.5530253e+00   2.5837082e+00
   3.0028655e+00   3.3955641e+00   4.0766622e+00   3.4439550e+00   3.4947705e+00   3.3234138e+00   3.3402695e+00   2.9830292e+00   3.8789520e+00   2.7699912e+00   2.5197320e+00   2.5538113e+00
   2.9794676e+00   3.3780813e+00   4.0543172e+00   3.4061912e+00   3.4330043e+00   3.2748679e+00   3.2949033e+00   2.9452214e+00   3.8312271e+00   2.7321601e+00   2.4866246e+00   2.5239967e+00
   2.9559265e+00   3.3607167e+00   4.0319276e+00   3.3687952e+00   3.3719110e+00   3.2266675e+00   3.2496186e+00   2.9073777e+00   3.7836976e+00   2.6944842e+00   2.4537228e+00   2.4942783e+00
   2.9322505e+00   3.3434662e+00   4.0095004e+00   3.3317822e+00   3.3115369e+00   3.1788527e+00   3.2044429e+00   2.8695190e+00   3.7364022e+00   2.6569869e+00   2.4210462e+00   2.4646697e+00
   2.9084475e+00   3.3263257e+00   3.9870425e+00   3.2951675e+00   3.2519272e+00   3.1314628e+00   3.1594033e+00   2.8316656e+00   3.6893791e+00   2.6196912e+00   2.3886139e+00   2.4351843e+00
   2.8845261e+00   3.3092909e+00   3.9645609e+00   3.2589655e+00   3.1931258e+00   3.0845359e+00   3.1145266e+00   2.7938381e+00   3.6426654e+00   2.5826200e+00   2.3564445e+00   2.4058352e+00
   2.8604946e+00   3.2923577e+00   3.9420626e+00   3.2231900e+00   3.1351752e+00   3.0381094e+00   3.0698391e+00   2.7560566e+00   3.5962975e+00   2.5457955e+00   2.3245563e+00   2.3766356e+00
   2.8363617e+00   3.2755218e+00   3.9195543e+00   3.1878545e+00   3.0781166e+00   2.9922196e+00   3.0253668e+00   2.7183410e+00   3.5503108e+00   2.5092399e+00   2.2929671e+00   2.3475980e+00
   2.8121360e+00   3.2587789e+00   3.8970429e+00   3.1529718e+00   3.0219900e+00   2.9469021e+00   2.9811352e+00   2.6807110e+00   3.5047398e+00   2.4729749e+00   2.2616943e+00   2.3187351e+00
   2.7878262e+00   3.2421247e+00   3.8745355e+00   3.1185542e+00   2.9668336e+00   2.9021910e+00   2.9371695e+00   2.6431861e+00   3.4596181e+00   2.4370219e+00   2.2307546e+00   2.2900592e+00
   2.7634414e+00   3.2255549e+00   3.8520387e+00   3.0846134e+00   2.9126847e+00   2.8581198e+00   2.8934944e+00   2.6057855e+00   3.4149785e+00   2.4014018e+00   2.2001647e+00   2.2615822e+00
   2.7389904e+00   3.2090651e+00   3.8295594e+00   3.0511605e+00   2.8595786e+00   2.8147205e+00   2.8501341e+00   2.5685282e+00   3.3708524e+00   2.3661353e+00   2.1699404e+00   2.2333161e+00
   2.7144825e+00   3.1926510e+00   3.8071043e+00   3.0182062e+00   2.8075496e+00   2.7720243e+00   2.8071124e+00   2.5314329e+00   3.3272706e+00   2.3312425e+00   2.1400971e+00   2.2052722e+00
   2.6899266e+00   3.1763083e+00   3.7846803e+00   2.9857605e+00   2.7566302e+00   2.7300612e+00   2.7644526e+00   2.4945179e+00   3.2842626e+00   2.2967431e+00   2.1106498e+00   2.1774620e+00
   2.6653322e+00   3.1600325e+00   3.7622939e+00   2.9538327e+00   2.7068515e+00   2.6888601e+00   2.7221774e+00   2.4578014e+00   3.2418570e+00   2.2626565e+00   2.0816130e+00   2.1498964e+00
   2.6407085e+00   3.1438195e+00   3.7399518e+00   2.9224317e+00   2.6582429e+00   2.6484484e+00   2.6803092e+00   2.4213012e+00   3.2000813e+00   2.2290015e+00   2.0530005e+00   2.1225861e+00
   2.6160650e+00   3.1276649e+00   3.7176607e+00   2.8915657e+00   2.6108325e+00   2.6088528e+00   2.6388697e+00   2.3850348e+00   3.1589619e+00   2.1957965e+00   2.0248257e+00   2.0955416e+00
   2.5914112e+00   3.1115645e+00   3.6954271e+00   2.8612425e+00   2.5646465e+00   2.5700984e+00   2.5978803e+00   2.3490194e+00   3.1185240e+00   2.1630595e+00   1.9971014e+00   2.0687730e+00
   2.5667565e+00   3.0955140e+00   3.6732575e+00   2.8314691e+00   2.5197098e+00   2.5322092e+00   2.5573615e+00   2.3132718e+00   3.0787917e+00   2.1308079e+00   1.9698400e+00   2.0422902e+00
   2.5421107e+00   3.0795093e+00   3.6511583e+00   2.8022521e+00   2.4760454e+00   2.4952080e+00   2.5173336e+00   2.2778086e+00   3.0397881e+00   2.0990586e+00   1.9430531e+00   2.0161027e+00
   2.5174834e+00   3.0635462e+00   3.6291359e+00   2.7735972e+00   2.4336749e+00   2.4591163e+00   2.4778161e+00   2.2426459e+00   3.0015350e+00   2.0678280e+00   1.9167520e+00   1.9902198e+00
   2.4928844e+00   3.0476205e+00   3.6071967e+00   2.7455098e+00   2.3926181e+00   2.4239543e+00   2.4388281e+00   2.2077995e+00   2.9640531e+00   2.0371321e+00   1.8909471e+00   1.9646504e+00
   2.4683234e+00   3.0317284e+00   3.5853469e+00   2.7179947e+00   2.3528932e+00   2.3897409e+00   2.4003879e+00   2.1732849e+00   2.9273619e+00   2.0069862e+00   1.8656486e+00   1.9394032e+00
   2.4438102e+00   3.0158657e+00   3.5635927e+00   2.6910559e+00   2.3145167e+00   2.3564937e+00   2.3625135e+00   2.1391172e+00   2.8914796e+00   1.9774052e+00   1.8408659e+00   1.9144865e+00
   2.4193547e+00   3.0000286e+00   3.5419402e+00   2.6646970e+00   2.2775034e+00   2.3242289e+00   2.3252220e+00   2.1053111e+00   2.8564234e+00   1.9484035e+00   1.8166079e+00   1.8899084e+00
   2.3949668e+00   2.9842132e+00   3.5203955e+00   2.6389209e+00   2.2418665e+00   2.2929616e+00   2.2885302e+00   2.0718809e+00   2.8222092e+00   1.9199946e+00   1.7928827e+00   1.8656764e+00
   2.3706564e+00   2.9684158e+00   3.4989645e+00   2.6137300e+00   2.2076175e+00   2.2627053e+00   2.2524539e+00   2.0388406e+00   2.7888514e+00   1.8921919e+00   1.7696981e+00   1.8417979e+00
   2.3464334e+00   2.9526327e+00   3.4776532e+00   2.5891260e+00   2.1747660e+00   2.2334724e+00   2.2170087e+00   2.0062037e+00   2.7563637e+00   1.8650080e+00   1.7470613e+00   1.8182800e+00
   2.3223079e+00   2.9368602e+00   3.4564672e+00   2.5651102e+00   2.1433202e+00   2.2052737e+00   2.1822092e+00   1.9739835e+00   2.7247582e+00   1.8384548e+00   1.7249785e+00   1.7951293e+00
   2.2982898e+00   2.9210948e+00   3.4354124e+00   2.5416831e+00   2.1132864e+00   2.1781187e+00   2.1480696e+00   1.9421925e+00   2.6940457e+00   1.8125438e+00   1.7034558e+00   1.7723522e+00
   2.2743890e+00   2.9053332e+00   3.4144943e+00   2.5188448e+00   2.0846692e+00   2.1520158e+00   2.1146033e+00   1.9108432e+00   2.6642361e+00   1.7872859e+00   1.6824984e+00   1.7499548e+00
   2.2506156e+00   2.8895719e+00   3.3937185e+00   2.4965946e+00   2.0574715e+00   2.1269717e+00   2.0818232e+00   1.8799475e+00   2.6353377e+00   1.7626913e+00   1.6621109e+00   1.7279426e+00
   2.2269795e+00   2.8738078e+00   3.3730903e+00   2.4749315e+00   2.0316946e+00   2.1029919e+00   2.0497415e+00   1.8495168e+00   2.6073577e+00   1.7387697e+00   1.6422975e+00   1.7063211e+00
   2.2034907e+00   2.8580376e+00   3.3526152e+00   2.4538537e+00   2.0073380e+00   2.0800804e+00   2.0183696e+00   1.8195622e+00   2.5803020e+00   1.7155302e+00   1.6230614e+00   1.6850952e+00
   2.1801592e+00   2.8422585e+00   3.3322983e+00   2.4333591e+00   1.9843995e+00   2.0582400e+00   1.9877184e+00   1.7900943e+00   2.5541754e+00   1.6929810e+00   1.6044057e+00   1.6642696e+00
   2.1569948e+00   2.8264674e+00   3.3121447e+00   2.4134448e+00   1.9628752e+00   2.0374720e+00   1.9577980e+00   1.7611233e+00   2.5289813e+00   1.6711302e+00   1.5863325e+00   1.6438485e+00
   2.1340076e+00   2.8106616e+00   3.2921595e+00   2.3941074e+00   1.9427596e+00   2.0177764e+00   1.9286179e+00   1.7326590e+00   2.5047217e+00   1.6499847e+00   1.5688434e+00   1.6238360e+00
   2.1112073e+00   2.7948384e+00   3.2723475e+00   2.3753431e+00   1.9240454e+00   1.9991518e+00   1.9001870e+00   1.7047107e+00   2.4813977e+00   1.6295513e+00   1.5519395e+00   1.6042357e+00
   2.0886039e+00   2.7789952e+00   3.2527135e+00   2.3571473e+00   1.9067238e+00   1.9815954e+00   1.8725133e+00   1.6772871e+00   2.4590089e+00   1.6098357e+00   1.5356211e+00   1.5850508e+00
   2.0662071e+00   2.7631296e+00   3.2332621e+00   2.3395152e+00   1.8907841e+00   1.9651032e+00   1.8456043e+00   1.6503968e+00   2.4375538e+00   1.5908434e+00   1.5198880e+00   1.5662842e+00
   2.0440267e+00   2.7472393e+00   3.2139979e+00   2.3224411e+00   1.8762142e+00   1.9496697e+00   1.8194667e+00   1.6240476e+00   2.4170295e+00   1.5725789e+00   1.5047395e+00   1.5479386e+00
   2.0220723e+00   2.7313220e+00   3.1949253e+00   2.3059191e+00   1.8630002e+00   1.9352881e+00   1.7941066e+00   1.5982470e+00   2.3974320e+00   1.5550462e+00   1.4901741e+00   1.5300161e+00
   2.0003537e+00   2.7153758e+00   3.1760484e+00   2.2899427e+00   1.8511267e+00   1.9219503e+00   1.7695294e+00   1.5730021e+00   2.3787562e+00   1.5382488e+00   1.4761899e+00   1.5125186e+00
   1.9788804e+00   2.6993987e+00   3.1573715e+00   2.2745048e+00   1.8405766e+00   1.9096469e+00   1.7457398e+00   1.5483194e+00   2.3609954e+00   1.5221894e+00   1.4627842e+00   1.4954477e+00
   1.9576618e+00   2.6833889e+00   3.1388984e+00   2.2595979e+00   1.8313312e+00   1.8983670e+00   1.7227417e+00   1.5242050e+00   2.3441422e+00   1.5068700e+00   1.4499538e+00   1.4788045e+00
   1.9367075e+00   2.6673447e+00   3.1206332e+00   2.2452139e+00   1.8233705e+00   1.8880987e+00   1.7005384e+00   1.5006645e+00   2.3281875e+00   1.4922921e+00   1.4376950e+00   1.4625899e+00
   1.9160266e+00   2.6512647e+00   3.1025794e+00   2.2313445e+00   1.8166726e+00   1.8788286e+00   1.6791325e+00   1.4777031e+00   2.3131215e+00   1.4784565e+00   1.4260035e+00   1.4468045e+00
   1.8956286e+00   2.6351474e+00   3.0847406e+00   2.2179806e+00   1.8112143e+00   1.8705421e+00   1.6585259e+00   1.4553254e+00   2.2989329e+00   1.4653634e+00   1.4148743e+00   1.4314483e+00
   1.8755226e+00   2.6189917e+00   3.0671203e+00   2.2051129e+00   1.8069708e+00   1.8632233e+00   1.6387198e+00   1.4335357e+00   2.2856094e+00   1.4530122e+00   1.4043020e+00   1.4165212e+00
   1.8557175e+00   2.6027965e+00   3.0497216e+00   2.1927316e+00   1.8039159e+00   1.8568552e+00   1.6197147e+00   1.4123377e+00   2.2731375e+00   1.4414018e+00   1.3942805e+00   1.4020227e+00
   1.8362223e+00   2.5865608e+00   3.0325476e+00   2.1808264e+00   1.8020219e+00   1.8514195e+00   1.6015105e+00   1.3917347e+00   2.2615027e+00   1.4305305e+00   1.3848033e+00   1.3879520e+00
   1.8170459e+00   2.5702838e+00   3.0156013e+00   2.1693865e+00   1.8012598e+00   1.8468966e+00   1.5841063e+00   1.3717295e+00   2.2506892e+00   1.4203959e+00   1.3758631e+00   1.3743079e+00
   1.7981970e+00   2.5539650e+00   2.9988855e+00   2.1584010e+00   1.8015990e+00   1.8432658e+00   1.5675005e+00   1.3523243e+00   2.2406803e+00   1.4109948e+00   1.3674523e+00   1.3610889e+00
   1.7796840e+00   2.5376037e+00   2.9824027e+00   2.1478584e+00   1.8030078e+00   1.8405054e+00   1.5516910e+00   1.3335211e+00   2.2314581e+00   1.4023237e+00   1.3595628e+00   1.3482932e+00
   1.7615156e+00   2.5211997e+00   2.9661553e+00   2.1377467e+00   1.8054528e+00   1.8385923e+00   1.5366747e+00   1.3153211e+00   2.2230039e+00   1.3943781e+00   1.3521857e+00   1.3359186e+00
   1.7436999e+00   2.5047528e+00   2.9501457e+00   2.1280538e+00   1.8088998e+00   1.8375024e+00   1.5224481e+00   1.2977254e+00   2.2152976e+00   1.3871532e+00   1.3453119e+00   1.3239628e+00
   1.7262451e+00   2.4882629e+00   2.9343757e+00   2.1187672e+00   1.8133128e+00   1.8372106e+00   1.5090069e+00   1.2807342e+00   2.2083184e+00   1.3806434e+00   1.3389316e+00   1.3124228e+00
   1.7091592e+00   2.4717302e+00   2.9188474e+00   2.1098738e+00   1.8186550e+00   1.8376906e+00   1.4963463e+00   1.2643477e+00   2.2020445e+00   1.3748425e+00   1.3330346e+00   1.3012958e+00
   1.6924500e+00   2.4551549e+00   2.9035625e+00   2.1013605e+00   1.8248882e+00   1.8389151e+00   1.4844606e+00   1.2485652e+00   2.1964530e+00   1.3697437e+00   1.3276101e+00   1.2905782e+00
   1.6761252e+00   2.4385374e+00   2.8885224e+00   2.0932138e+00   1.8319732e+00   1.8408560e+00   1.4733435e+00   1.2333858e+00   2.1915201e+00   1.3653397e+00   1.3226471e+00   1.2802664e+00
   1.6601924e+00   2.4218784e+00   2.8737284e+00   2.0854197e+00   1.8398694e+00   1.8434838e+00   1.4629882e+00   1.2188080e+00   2.1872213e+00   1.3616223e+00   1.3181338e+00   1.2703564e+00
   1.6446587e+00   2.4051785e+00   2.8591817e+00   2.0779643e+00   1.8485354e+00   1.8467686e+00   1.4533872e+00   1.2048299e+00   2.1835311e+00   1.3585830e+00   1.3140583e+00   1.2608441e+00
   1.6295313e+00   2.3884386e+00   2.8448832e+00   2.0708331e+00   1.8579288e+00   1.8506790e+00   1.4445321e+00   1.1914492e+00   2.1804230e+00   1.3562125e+00   1.3104079e+00   1.2517247e+00
   1.6148171e+00   2.3716598e+00   2.8308336e+00   2.0640115e+00   1.8680059e+00   1.8551832e+00   1.4364143e+00   1.1786631e+00   2.1778699e+00   1.3545011e+00   1.3071698e+00   1.2429936e+00
   1.6005229e+00   2.3548432e+00   2.8170334e+00   2.0574847e+00   1.8787223e+00   1.8602484e+00   1.4290242e+00   1.1664681e+00   2.1758439e+00   1.3534385e+00   1.3043306e+00   1.2346456e+00
   1.5866552e+00   2.3379902e+00   2.8034829e+00   2.0512376e+00   1.8900328e+00   1.8658408e+00   1.4223519e+00   1.1548607e+00   2.1743163e+00   1.3530136e+00   1.3018766e+00   1.2266754e+00
   1.5732202e+00   2.3211022e+00   2.7901823e+00   2.0452551e+00   1.9018910e+00   1.8719261e+00   1.4163865e+00   1.1438366e+00   2.1732576e+00   1.3532149e+00   1.2997937e+00   1.2190773e+00
   1.5602240e+00   2.3041810e+00   2.7771312e+00   2.0395217e+00   1.9142501e+00   1.8784692e+00   1.4111169e+00   1.1333911e+00   2.1726378e+00   1.3540305e+00   1.2980674e+00   1.2118455e+00
   1.5476724e+00   2.2872283e+00   2.7643295e+00   2.0340219e+00   1.9270622e+00   1.8854341e+00   1.4065312e+00   1.1235193e+00   2.1724262e+00   1.3554477e+00   1.2966830e+00   1.2049739e+00
   1.5355711e+00   2.2702460e+00   2.7517766e+00   2.0287400e+00   1.9402791e+00   1.8927843e+00   1.4026169e+00   1.1142156e+00   2.1725913e+00   1.3574533e+00   1.2956251e+00   1.1984560e+00
   1.5239254e+00   2.2532362e+00   2.7394715e+00   2.0236601e+00   1.9538514e+00   1.9004828e+00   1.3993610e+00   1.1054740e+00   2.1731014e+00   1.3600337e+00   1.2948785e+00   1.1922854e+00
   1.5127404e+00   2.2362012e+00   2.7274134e+00   2.0187665e+00   1.9677297e+00   1.9084919e+00   1.3967499e+00   1.0972883e+00   2.1739238e+00   1.3631747e+00   1.2944274e+00   1.1864553e+00
   1.5020209e+00   2.2191433e+00   2.7156009e+00   2.0140430e+00   1.9818637e+00   1.9167732e+00   1.3947696e+00   1.0896515e+00   2.1750256e+00   1.3668616e+00   1.2942556e+00   1.1809585e+00
   1.4917715e+00   2.2020650e+00   2.7040325e+00   2.0094739e+00   1.9962028e+00   1.9252881e+00   1.3934052e+00   1.0825566e+00   2.1763735e+00   1.3710793e+00   1.2943470e+00   1.1757878e+00
   1.4819964e+00   2.1849691e+00   2.6927064e+00   2.0050428e+00   2.0106957e+00   1.9339974e+00   1.3926415e+00   1.0759958e+00   2.1779336e+00   1.3758119e+00   1.2946849e+00   1.1709359e+00
   1.4726998e+00   2.1678582e+00   2.6816208e+00   2.0007340e+00   2.0252912e+00   1.9428616e+00   1.3924630e+00   1.0699611e+00   2.1796716e+00   1.3810435e+00   1.2952526e+00   1.1663951e+00
   1.4638852e+00   2.1507354e+00   2.6707732e+00   1.9965312e+00   2.0399373e+00   1.9518407e+00   1.3928532e+00   1.0644442e+00   2.1815531e+00   1.3867573e+00   1.2960330e+00   1.1621576e+00
   1.4555561e+00   2.1336037e+00   2.6601613e+00   1.9924185e+00   2.0545822e+00   1.9608946e+00   1.3937955e+00   1.0594362e+00   2.1835431e+00   1.3929363e+00   1.2970091e+00   1.1582154e+00
