   2.1200101e+01   2.0174205e+01   1.9824595e+01   2.0379897e+01   2.1835231e+01   2.4482936e+01   2.7551664e+01   2.8390665e+01   2.7369694e+01   2.5668495e+01   2.3707980e+01   2.2424630e+01
   2.1162089e+01   2.0155686e+01   1.9812185e+01   2.0376722e+01   2.1780341e+01   2.4410274e+01   2.7372278e+01   2.8349591e+01   2.7425163e+01   2.5753661e+01   2.3721053e+01   2.2413260e+01
   2.1126548e+01   2.0137905e+01   1.9800408e+01   2.0373316e+01   2.1726449e+01   2.4336164e+01   2.7194735e+01   2.8301478e+01   2.7470933e+01   2.5829411e+01   2.3733849e+01   2.2403815e+01
   2.1093375e+01   2.0120840e+01   1.9789236e+01   2.0369682e+01   2.1673535e+01   2.4260724e+01   2.7019069e+01   2.8246677e+01   2.7507383e+01   2.5896082e+01   2.3746294e+01   2.2396159e+01
   2.1062472e+01   2.0104472e+01   1.9778642e+01   2.0365822e+01   2.1621583e+01   2.4184071e+01   2.6845313e+01   2.8185533e+01   2.7534887e+01   2.5953999e+01   2.3758321e+01   2.2390160e+01
   2.1033740e+01   2.0088781e+01   1.9768599e+01   2.0361739e+01   2.1570575e+01   2.4106317e+01   2.6673498e+01   2.8118380e+01   2.7553807e+01   2.6003483e+01   2.3769863e+01   2.2385690e+01
   2.1007084e+01   2.0073746e+01   1.9759083e+01   2.0357437e+01   2.1520494e+01   2.4027571e+01   2.6503654e+01   2.8045543e+01   2.7564497e+01   2.6044847e+01   2.3780859e+01   2.2382626e+01
   2.0982413e+01   2.0059350e+01   1.9750068e+01   2.0352917e+01   2.1471323e+01   2.3947939e+01   2.6335807e+01   2.7967339e+01   2.7567305e+01   2.6078398e+01   2.3791250e+01   2.2380847e+01
   2.0959637e+01   2.0045572e+01   1.9741531e+01   2.0348183e+01   2.1423045e+01   2.3867522e+01   2.6169983e+01   2.7884076e+01   2.7562568e+01   2.6104435e+01   2.3800978e+01   2.2380238e+01
   2.0938666e+01   2.0032394e+01   1.9733447e+01   2.0343239e+01   2.1375644e+01   2.3786420e+01   2.6006206e+01   2.7796054e+01   2.7550615e+01   2.6123250e+01   2.3809991e+01   2.2380688e+01
   2.0919415e+01   2.0019798e+01   1.9725795e+01   2.0338087e+01   2.1329104e+01   2.3704729e+01   2.5844498e+01   2.7703564e+01   2.7531769e+01   2.6135131e+01   2.3818237e+01   2.2382089e+01
   2.0901800e+01   2.0007766e+01   1.9718552e+01   2.0332731e+01   2.1283408e+01   2.3622540e+01   2.5684880e+01   2.7606888e+01   2.7506343e+01   2.6140357e+01   2.3825669e+01   2.2384335e+01
   2.0885741e+01   1.9996279e+01   1.9711698e+01   2.0327173e+01   2.1238542e+01   2.3539943e+01   2.5527369e+01   2.7506302e+01   2.7474643e+01   2.6139201e+01   2.3832243e+01   2.2387328e+01
   2.0871157e+01   1.9985322e+01   1.9705210e+01   2.0321418e+01   2.1194489e+01   2.3457026e+01   2.5371984e+01   2.7402073e+01   2.7436967e+01   2.6131931e+01   2.3837915e+01   2.2390970e+01
   2.0857971e+01   1.9974876e+01   1.9699069e+01   2.0315469e+01   2.1151235e+01   2.3373870e+01   2.5218740e+01   2.7294458e+01   2.7393606e+01   2.6118806e+01   2.3842645e+01   2.2395169e+01
   2.0846108e+01   1.9964924e+01   1.9693257e+01   2.0309328e+01   2.1108764e+01   2.3290557e+01   2.5067651e+01   2.7183710e+01   2.7344841e+01   2.6100083e+01   2.3846397e+01   2.2399833e+01
   2.0835494e+01   1.9955451e+01   1.9687752e+01   2.0303000e+01   2.1067062e+01   2.3207165e+01   2.4918728e+01   2.7070072e+01   2.7290950e+01   2.6076008e+01   2.3849136e+01   2.2404879e+01
   2.0826059e+01   1.9946439e+01   1.9682539e+01   2.0296488e+01   2.1026114e+01   2.3123766e+01   2.4771984e+01   2.6953779e+01   2.7232200e+01   2.6046826e+01   2.3850830e+01   2.2410221e+01
   2.0817732e+01   1.9937874e+01   1.9677598e+01   2.0289795e+01   2.0985907e+01   2.3040435e+01   2.4627428e+01   2.6835061e+01   2.7168853e+01   2.6012772e+01   2.3851448e+01   2.2415782e+01
   2.0810448e+01   1.9929738e+01   1.9672913e+01   2.0282926e+01   2.0946426e+01   2.2957239e+01   2.4485067e+01   2.6714138e+01   2.7101161e+01   2.5974078e+01   2.3850963e+01   2.2421485e+01
   2.0804139e+01   1.9922018e+01   1.9668468e+01   2.0275883e+01   2.0907657e+01   2.2874246e+01   2.4344908e+01   2.6591226e+01   2.7029373e+01   2.5930969e+01   2.3849351e+01   2.2427257e+01
   2.0798743e+01   1.9914697e+01   1.9664246e+01   2.0268671e+01   2.0869586e+01   2.2791518e+01   2.4206958e+01   2.6466531e+01   2.6953729e+01   2.5883663e+01   2.3846587e+01   2.2433028e+01
   2.0794198e+01   1.9907761e+01   1.9660231e+01   2.0261293e+01   2.0832201e+01   2.2709118e+01   2.4071219e+01   2.6340253e+01   2.6874462e+01   2.5832375e+01   2.3842652e+01   2.2438731e+01
   2.0790443e+01   1.9901196e+01   1.9656410e+01   2.0253752e+01   2.0795488e+01   2.2627103e+01   2.3937695e+01   2.6212587e+01   2.6791798e+01   2.5777314e+01   2.3837526e+01   2.2444303e+01
   2.0787421e+01   1.9894987e+01   1.9652768e+01   2.0246054e+01   2.0759435e+01   2.2545530e+01   2.3806387e+01   2.6083719e+01   2.6705959e+01   2.5718681e+01   2.3831194e+01   2.2449683e+01
   2.0785076e+01   1.9889120e+01   1.9649291e+01   2.0238200e+01   2.0724027e+01   2.2464453e+01   2.3677295e+01   2.5953830e+01   2.6617157e+01   2.5656675e+01   2.3823640e+01   2.2454813e+01
   2.0783352e+01   1.9883581e+01   1.9645965e+01   2.0230195e+01   2.0689254e+01   2.2383923e+01   2.3550418e+01   2.5823093e+01   2.6525601e+01   2.5591489e+01   2.3814852e+01   2.2459637e+01
   2.0782197e+01   1.9878357e+01   1.9642778e+01   2.0222043e+01   2.0655103e+01   2.2303989e+01   2.3425754e+01   2.5691676e+01   2.6431492e+01   2.5523309e+01   2.3804819e+01   2.2464104e+01
   2.0781560e+01   1.9873435e+01   1.9639718e+01   2.0213748e+01   2.0621562e+01   2.2224697e+01   2.3303300e+01   2.5559741e+01   2.6335025e+01   2.5452317e+01   2.3793533e+01   2.2468165e+01
   2.0781391e+01   1.9868801e+01   1.9636772e+01   2.0205313e+01   2.0588618e+01   2.2146092e+01   2.3183052e+01   2.5427443e+01   2.6236389e+01   2.5378690e+01   2.3780987e+01   2.2471771e+01
   2.0781641e+01   1.9864444e+01   1.9633930e+01   2.0196742e+01   2.0556260e+01   2.2068216e+01   2.3065003e+01   2.5294932e+01   2.6135767e+01   2.5302601e+01   2.3767175e+01   2.2474879e+01
   2.0782266e+01   1.9860350e+01   1.9631181e+01   2.0188039e+01   2.0524477e+01   2.1991110e+01   2.2949148e+01   2.5162351e+01   2.6033337e+01   2.5224216e+01   2.3752095e+01   2.2477448e+01
   2.0783219e+01   1.9856507e+01   1.9628513e+01   2.0179209e+01   2.0493257e+01   2.1914809e+01   2.2835479e+01   2.5029838e+01   2.5929270e+01   2.5143699e+01   2.3735744e+01   2.2479437e+01
   2.0784457e+01   1.9852904e+01   1.9625918e+01   2.0170254e+01   2.0462590e+01   2.1839352e+01   2.2723987e+01   2.4897526e+01   2.5823734e+01   2.5061207e+01   2.3718123e+01   2.2480810e+01
   2.0785940e+01   1.9849528e+01   1.9623384e+01   2.0161179e+01   2.0432464e+01   2.1764770e+01   2.2614663e+01   2.4765541e+01   2.5716887e+01   2.4976892e+01   2.3699233e+01   2.2481534e+01
   2.0787626e+01   1.9846369e+01   1.9620905e+01   2.0151987e+01   2.0402868e+01   2.1691097e+01   2.2507497e+01   2.4634005e+01   2.5608885e+01   2.4890904e+01   2.3679077e+01   2.2481574e+01
   2.0789476e+01   1.9843415e+01   1.9618469e+01   2.0142683e+01   2.0373793e+01   2.1618362e+01   2.2402476e+01   2.4503033e+01   2.5499879e+01   2.4803386e+01   2.3657660e+01   2.2480903e+01
   2.0791455e+01   1.9840655e+01   1.9616070e+01   2.0133270e+01   2.0345227e+01   2.1546592e+01   2.2299589e+01   2.4372737e+01   2.5390012e+01   2.4714478e+01   2.3634988e+01   2.2479491e+01
   2.0793524e+01   1.9838078e+01   1.9613699e+01   2.0123752e+01   2.0317161e+01   2.1475814e+01   2.2198823e+01   2.4243222e+01   2.5279425e+01   2.4624315e+01   2.3611068e+01   2.2477314e+01
   2.0795651e+01   1.9835675e+01   1.9611349e+01   2.0114134e+01   2.0289585e+01   2.1406053e+01   2.2100163e+01   2.4114590e+01   2.5168251e+01   2.4533028e+01   2.3585910e+01   2.2474349e+01
   2.0797802e+01   1.9833433e+01   1.9609013e+01   2.0104418e+01   2.0262488e+01   2.1337329e+01   2.2003596e+01   2.3986936e+01   2.5056620e+01   2.4440744e+01   2.3559522e+01   2.2470574e+01
   2.0799944e+01   1.9831345e+01   1.9606683e+01   2.0094609e+01   2.0235861e+01   2.1269665e+01   2.1909105e+01   2.3860351e+01   2.4944657e+01   2.4347586e+01   2.3531918e+01   2.2465969e+01
   2.0802048e+01   1.9829399e+01   1.9604353e+01   2.0084710e+01   2.0209696e+01   2.1203079e+01   2.1816674e+01   2.3734923e+01   2.4832481e+01   2.4253672e+01   2.3503108e+01   2.2460518e+01
   2.0804085e+01   1.9827586e+01   1.9602017e+01   2.0074726e+01   2.0183981e+01   2.1137589e+01   2.1726286e+01   2.3610732e+01   2.4720208e+01   2.4159116e+01   2.3473108e+01   2.2454205e+01
   2.0806025e+01   1.9825897e+01   1.9599670e+01   2.0064660e+01   2.0158709e+01   2.1073210e+01   2.1637924e+01   2.3487856e+01   2.4607948e+01   2.4064029e+01   2.3441932e+01   2.2447016e+01
   2.0807843e+01   1.9824322e+01   1.9597306e+01   2.0054517e+01   2.0133871e+01   2.1009956e+01   2.1551569e+01   2.3366370e+01   2.4495808e+01   2.3968518e+01   2.3409597e+01   2.2438940e+01
   2.0809514e+01   1.9822853e+01   1.9594920e+01   2.0044299e+01   2.0109457e+01   2.0947841e+01   2.1467202e+01   2.3246340e+01   2.4383889e+01   2.3872686e+01   2.3376119e+01   2.2429967e+01
   2.0811012e+01   1.9821481e+01   1.9592507e+01   2.0034010e+01   2.0085459e+01   2.0886876e+01   2.1384804e+01   2.3127833e+01   2.4272288e+01   2.3776632e+01   2.3341517e+01   2.2420088e+01
   2.0812314e+01   1.9820197e+01   1.9590062e+01   2.0023656e+01   2.0061868e+01   2.0827069e+01   2.1304355e+01   2.3010908e+01   2.4161099e+01   2.3680452e+01   2.3305809e+01   2.2409297e+01
   2.0813400e+01   1.9818994e+01   1.9587582e+01   2.0013238e+01   2.0038677e+01   2.0768430e+01   2.1225833e+01   2.2895623e+01   2.4050410e+01   2.3584237e+01   2.3269017e+01   2.2397588e+01
   2.0814247e+01   1.9817863e+01   1.9585062e+01   2.0002761e+01   2.0015877e+01   2.0710966e+01   2.1149217e+01   2.2782029e+01   2.3940307e+01   2.3488077e+01   2.3231161e+01   2.2384959e+01
   2.0814836e+01   1.9816795e+01   1.9582500e+01   1.9992229e+01   1.9993460e+01   2.0654681e+01   2.1074485e+01   2.2670177e+01   2.3830871e+01   2.3392056e+01   2.3192262e+01   2.2371407e+01
   2.0815148e+01   1.9815784e+01   1.9579890e+01   1.9981644e+01   1.9971418e+01   2.0599582e+01   2.1001616e+01   2.2560112e+01   2.3722178e+01   2.3296257e+01   2.3152345e+01   2.2356932e+01
   2.0815166e+01   1.9814822e+01   1.9577232e+01   1.9971012e+01   1.9949744e+01   2.0545669e+01   2.0930585e+01   2.2451874e+01   2.3614302e+01   2.3200756e+01   2.3111431e+01   2.2341535e+01
   2.0814873e+01   1.9813902e+01   1.9574521e+01   1.9960335e+01   1.9928430e+01   2.0492946e+01   2.0861371e+01   2.2345503e+01   2.3507313e+01   2.3105630e+01   2.3069546e+01   2.2325217e+01
   2.0814254e+01   1.9813016e+01   1.9571756e+01   1.9949618e+01   1.9907469e+01   2.0441414e+01   2.0793948e+01   2.2241033e+01   2.3401276e+01   2.3010950e+01   2.3026714e+01   2.2307983e+01
   2.0813294e+01   1.9812158e+01   1.9568933e+01   1.9938863e+01   1.9886853e+01   2.0391070e+01   2.0728294e+01   2.2138495e+01   2.3296255e+01   2.2916785e+01   2.2982962e+01   2.2289838e+01
   2.0811978e+01   1.9811321e+01   1.9566052e+01   1.9928074e+01   1.9866575e+01   2.0341915e+01   2.0664383e+01   2.2037919e+01   2.3192307e+01   2.2823201e+01   2.2938315e+01   2.2270787e+01
   2.0810296e+01   1.9810498e+01   1.9563109e+01   1.9917255e+01   1.9846629e+01   2.0293945e+01   2.0602190e+01   2.1939327e+01   2.3089488e+01   2.2730260e+01   2.2892800e+01   2.2250838e+01
   2.0808234e+01   1.9809684e+01   1.9560104e+01   1.9906408e+01   1.9827007e+01   2.0247157e+01   2.0541690e+01   2.1842744e+01   2.2987852e+01   2.2638022e+01   2.2846444e+01   2.2230000e+01
   2.0805781e+01   1.9808871e+01   1.9557036e+01   1.9895539e+01   1.9807703e+01   2.0201546e+01   2.0482859e+01   2.1748187e+01   2.2887445e+01   2.2546544e+01   2.2799277e+01   2.2208282e+01
   2.0802929e+01   1.9808054e+01   1.9553902e+01   1.9884649e+01   1.9788710e+01   2.0157106e+01   2.0425668e+01   2.1655674e+01   2.2788315e+01   2.2455881e+01   2.2751326e+01   2.2185695e+01
   2.0799668e+01   1.9807228e+01   1.9550702e+01   1.9873743e+01   1.9770022e+01   2.0113830e+01   2.0370094e+01   2.1565216e+01   2.2690505e+01   2.2366082e+01   2.2702619e+01   2.2162250e+01
   2.0795988e+01   1.9806385e+01   1.9547435e+01   1.9862823e+01   1.9751633e+01   2.0071712e+01   2.0316108e+01   2.1476825e+01   2.2594053e+01   2.2277197e+01   2.2653188e+01   2.2137960e+01
   2.0791884e+01   1.9805522e+01   1.9544101e+01   1.9851894e+01   1.9733536e+01   2.0030743e+01   2.0263685e+01   2.1390509e+01   2.2498996e+01   2.2189272e+01   2.2603061e+01   2.2112840e+01
   2.0787348e+01   1.9804633e+01   1.9540699e+01   1.9840957e+01   1.9715726e+01   1.9990913e+01   2.0212798e+01   2.1306273e+01   2.2405370e+01   2.2102350e+01   2.2552268e+01   2.2086903e+01
   2.0782375e+01   1.9803712e+01   1.9537230e+01   1.9830017e+01   1.9698196e+01   1.9952212e+01   2.0163419e+01   2.1224120e+01   2.2313204e+01   2.2016472e+01   2.2500841e+01   2.2060165e+01
   2.0776958e+01   1.9802755e+01   1.9533692e+01   1.9819076e+01   1.9680941e+01   1.9914630e+01   2.0115521e+01   2.1144050e+01   2.2222527e+01   2.1931677e+01   2.2448809e+01   2.2032642e+01
   2.0771095e+01   1.9801758e+01   1.9530086e+01   1.9808138e+01   1.9663955e+01   1.9878155e+01   2.0069077e+01   2.1066062e+01   2.2133365e+01   2.1847999e+01   2.2396204e+01   2.2004351e+01
   2.0764780e+01   1.9800714e+01   1.9526413e+01   1.9797206e+01   1.9647232e+01   1.9842775e+01   2.0024058e+01   2.0990152e+01   2.2045741e+01   2.1765473e+01   2.2343057e+01   2.1975310e+01
   2.0758012e+01   1.9799620e+01   1.9522672e+01   1.9786283e+01   1.9630767e+01   1.9808476e+01   1.9980439e+01   2.0916312e+01   2.1959677e+01   2.1684129e+01   2.2289401e+01   2.1945538e+01
   2.0750787e+01   1.9798472e+01   1.9518865e+01   1.9775371e+01   1.9614555e+01   1.9775246e+01   1.9938189e+01   2.0844536e+01   2.1875189e+01   2.1603998e+01   2.2235265e+01   2.1915053e+01
   2.0743105e+01   1.9797266e+01   1.9514991e+01   1.9764474e+01   1.9598590e+01   1.9743070e+01   1.9897283e+01   2.0774812e+01   2.1792295e+01   2.1525106e+01   2.2180683e+01   2.1883876e+01
   2.0734963e+01   1.9795997e+01   1.9511053e+01   1.9753594e+01   1.9582868e+01   1.9711933e+01   1.9857690e+01   2.0707128e+01   2.1711008e+01   2.1447476e+01   2.2125686e+01   2.1852027e+01
   2.0726362e+01   1.9794662e+01   1.9507050e+01   1.9742734e+01   1.9567384e+01   1.9681820e+01   1.9819385e+01   2.0641471e+01   2.1631340e+01   2.1371133e+01   2.2070307e+01   2.1819527e+01
   2.0717302e+01   1.9793256e+01   1.9502984e+01   1.9731898e+01   1.9552131e+01   1.9652714e+01   1.9782337e+01   2.0577823e+01   2.1553299e+01   2.1296097e+01   2.2014577e+01   2.1786398e+01
   2.0707784e+01   1.9791777e+01   1.9498856e+01   1.9721088e+01   1.9537107e+01   1.9624600e+01   1.9746520e+01   2.0516168e+01   2.1476893e+01   2.1222385e+01   2.1958528e+01   2.1752661e+01
   2.0697809e+01   1.9790222e+01   1.9494668e+01   1.9710306e+01   1.9522306e+01   1.9597460e+01   1.9711905e+01   2.0456486e+01   2.1402127e+01   2.1150015e+01   2.1902194e+01   2.1718339e+01
   2.0687378e+01   1.9788586e+01   1.9490420e+01   1.9699555e+01   1.9507724e+01   1.9571277e+01   1.9678464e+01   2.0398757e+01   2.1329005e+01   2.1079002e+01   2.1845605e+01   2.1683456e+01
   2.0676495e+01   1.9786867e+01   1.9486114e+01   1.9688839e+01   1.9493355e+01   1.9546034e+01   1.9646169e+01   2.0342956e+01   2.1257527e+01   2.1009359e+01   2.1788795e+01   2.1648033e+01
   2.0665163e+01   1.9785061e+01   1.9481752e+01   1.9678158e+01   1.9479197e+01   1.9521712e+01   1.9614992e+01   2.0289062e+01   2.1187694e+01   2.0941096e+01   2.1731794e+01   2.1612096e+01
   2.0653384e+01   1.9783167e+01   1.9477335e+01   1.9667516e+01   1.9465243e+01   1.9498292e+01   1.9584905e+01   2.0237048e+01   2.1119502e+01   2.0874223e+01   2.1674636e+01   2.1575668e+01
   2.0641163e+01   1.9781181e+01   1.9472866e+01   1.9656915e+01   1.9451492e+01   1.9475756e+01   1.9555879e+01   2.0186888e+01   2.1052949e+01   2.0808748e+01   2.1617352e+01   2.1538774e+01
   2.0628503e+01   1.9779101e+01   1.9468345e+01   1.9646358e+01   1.9437937e+01   1.9454085e+01   1.9527888e+01   2.0138554e+01   2.0988029e+01   2.0744677e+01   2.1559973e+01   2.1501437e+01
   2.0615411e+01   1.9776924e+01   1.9463775e+01   1.9635847e+01   1.9424576e+01   1.9433258e+01   1.9500903e+01   2.0092017e+01   2.0924733e+01   2.0682015e+01   2.1502532e+01   2.1463684e+01
   2.0601891e+01   1.9774647e+01   1.9459159e+01   1.9625383e+01   1.9411405e+01   1.9413257e+01   1.9474897e+01   2.0047247e+01   2.0863054e+01   2.0620764e+01   2.1445059e+01   2.1425539e+01
   2.0587949e+01   1.9772270e+01   1.9454496e+01   1.9614970e+01   1.9398419e+01   1.9394061e+01   1.9449841e+01   2.0004213e+01   2.0802982e+01   2.0560927e+01   2.1387586e+01   2.1387027e+01
   2.0573591e+01   1.9769790e+01   1.9449791e+01   1.9604609e+01   1.9385615e+01   1.9375649e+01   1.9425710e+01   1.9962882e+01   2.0744505e+01   2.0502503e+01   2.1330144e+01   2.1348174e+01
   2.0558824e+01   1.9767204e+01   1.9445045e+01   1.9594303e+01   1.9372989e+01   1.9358002e+01   1.9402475e+01   1.9923221e+01   2.0687609e+01   2.0445491e+01   2.1272763e+01   2.1309005e+01
   2.0543653e+01   1.9764512e+01   1.9440260e+01   1.9584053e+01   1.9360539e+01   1.9341099e+01   1.9380111e+01   1.9885196e+01   2.0632282e+01   2.0389889e+01   2.1215473e+01   2.1269546e+01
   2.0528087e+01   1.9761711e+01   1.9435438e+01   1.9573861e+01   1.9348259e+01   1.9324919e+01   1.9358588e+01   1.9848773e+01   2.0578507e+01   2.0335692e+01   2.1158306e+01   2.1229822e+01
   2.0512133e+01   1.9758800e+01   1.9430582e+01   1.9563730e+01   1.9336148e+01   1.9309441e+01   1.9337882e+01   1.9813915e+01   2.0526267e+01   2.0282895e+01   2.1101289e+01   2.1189860e+01
   2.0495799e+01   1.9755777e+01   1.9425693e+01   1.9553661e+01   1.9324201e+01   1.9294644e+01   1.9317966e+01   1.9780587e+01   2.0475546e+01   2.0231493e+01   2.1044454e+01   2.1149685e+01
   2.0479093e+01   1.9752642e+01   1.9420775e+01   1.9543655e+01   1.9312416e+01   1.9280507e+01   1.9298813e+01   1.9748751e+01   2.0426323e+01   2.0181477e+01   2.0987828e+01   2.1109323e+01
   2.0462023e+01   1.9749392e+01   1.9415829e+01   1.9533715e+01   1.9300790e+01   1.9267009e+01   1.9280398e+01   1.9718370e+01   2.0378580e+01   2.0132838e+01   2.0931441e+01   2.1068799e+01
   2.0444598e+01   1.9746027e+01   1.9410857e+01   1.9523843e+01   1.9289318e+01   1.9254128e+01   1.9262695e+01   1.9689405e+01   2.0332295e+01   2.0085568e+01   2.0875321e+01   2.1028140e+01
   2.0426827e+01   1.9742545e+01   1.9405863e+01   1.9514039e+01   1.9277999e+01   1.9241844e+01   1.9245678e+01   1.9661819e+01   2.0287447e+01   2.0039655e+01   2.0819496e+01   2.0987370e+01
   2.0408720e+01   1.9738947e+01   1.9400848e+01   1.9504305e+01   1.9266830e+01   1.9230136e+01   1.9229322e+01   1.9635572e+01   2.0244013e+01   1.9995088e+01   2.0763993e+01   2.0946516e+01
   2.0390285e+01   1.9735230e+01   1.9395815e+01   1.9494643e+01   1.9255807e+01   1.9218981e+01   1.9213602e+01   1.9610624e+01   2.0201969e+01   1.9951853e+01   2.0708839e+01   2.0905602e+01
   2.0371532e+01   1.9731395e+01   1.9390766e+01   1.9485054e+01   1.9244928e+01   1.9208359e+01   1.9198494e+01   1.9586936e+01   2.0161292e+01   1.9909937e+01   2.0654061e+01   2.0864654e+01
   2.0352472e+01   1.9727440e+01   1.9385703e+01   1.9475540e+01   1.9234190e+01   1.9198249e+01   1.9183973e+01   1.9564468e+01   2.0121956e+01   1.9869326e+01   2.0599684e+01   2.0823696e+01
   2.0333114e+01   1.9723366e+01   1.9380629e+01   1.9466101e+01   1.9223591e+01   1.9188630e+01   1.9170015e+01   1.9543179e+01   2.0083936e+01   1.9830004e+01   2.0545735e+01   2.0782754e+01
   2.0313469e+01   1.9719172e+01   1.9375547e+01   1.9456740e+01   1.9213127e+01   1.9179480e+01   1.9156597e+01   1.9523030e+01   2.0047206e+01   1.9791954e+01   2.0492238e+01   2.0741852e+01
   2.0293546e+01   1.9714857e+01   1.9370457e+01   1.9447456e+01   1.9202798e+01   1.9170779e+01   1.9143695e+01   1.9503979e+01   2.0011738e+01   1.9755161e+01   2.0439217e+01   2.0701014e+01
   2.0273357e+01   1.9710421e+01   1.9365364e+01   1.9438252e+01   1.9192599e+01   1.9162507e+01   1.9131285e+01   1.9485986e+01   1.9977506e+01   1.9719606e+01   2.0386698e+01   2.0660265e+01
   2.0252913e+01   1.9705864e+01   1.9360268e+01   1.9429127e+01   1.9182529e+01   1.9154642e+01   1.9119346e+01   1.9469010e+01   1.9944481e+01   1.9685271e+01   2.0334702e+01   2.0619628e+01
   2.0232223e+01   1.9701187e+01   1.9355173e+01   1.9420084e+01   1.9172585e+01   1.9147164e+01   1.9107855e+01   1.9453010e+01   1.9912636e+01   1.9652136e+01   2.0283253e+01   2.0579126e+01
   2.0211299e+01   1.9696389e+01   1.9350080e+01   1.9411123e+01   1.9162766e+01   1.9140053e+01   1.9096790e+01   1.9437946e+01   1.9881941e+01   1.9620183e+01   2.0232373e+01   2.0538783e+01
   2.0190153e+01   1.9691470e+01   1.9344992e+01   1.9402245e+01   1.9153068e+01   1.9133289e+01   1.9086129e+01   1.9423776e+01   1.9852368e+01   1.9589392e+01   2.0182084e+01   2.0498621e+01
   2.0168794e+01   1.9686430e+01   1.9339911e+01   1.9393450e+01   1.9143490e+01   1.9126852e+01   1.9075852e+01   1.9410462e+01   1.9823886e+01   1.9559740e+01   2.0132407e+01   2.0458664e+01
   2.0147235e+01   1.9681271e+01   1.9334838e+01   1.9384739e+01   1.9134030e+01   1.9120723e+01   1.9065936e+01   1.9397961e+01   1.9796467e+01   1.9531207e+01   2.0083362e+01   2.0418933e+01
   2.0125486e+01   1.9675991e+01   1.9329777e+01   1.9376113e+01   1.9124686e+01   1.9114882e+01   1.9056363e+01   1.9386234e+01   1.9770081e+01   1.9503772e+01   2.0034969e+01   2.0379449e+01
   2.0103560e+01   1.9670592e+01   1.9324729e+01   1.9367572e+01   1.9115456e+01   1.9109310e+01   1.9047111e+01   1.9375241e+01   1.9744696e+01   1.9477412e+01   1.9987246e+01   2.0340234e+01
   2.0081467e+01   1.9665075e+01   1.9319696e+01   1.9359118e+01   1.9106337e+01   1.9103988e+01   1.9038161e+01   1.9364943e+01   1.9720284e+01   1.9452105e+01   1.9940214e+01   2.0301309e+01
   2.0059219e+01   1.9659439e+01   1.9314681e+01   1.9350750e+01   1.9097328e+01   1.9098897e+01   1.9029493e+01   1.9355299e+01   1.9696813e+01   1.9427827e+01   1.9893888e+01   2.0262694e+01
   2.0036827e+01   1.9653685e+01   1.9309684e+01   1.9342468e+01   1.9088427e+01   1.9094020e+01   1.9021090e+01   1.9346272e+01   1.9674253e+01   1.9404555e+01   1.9848287e+01   2.0224409e+01
   2.0014303e+01   1.9647815e+01   1.9304708e+01   1.9334273e+01   1.9079633e+01   1.9089338e+01   1.9012932e+01   1.9337823e+01   1.9652574e+01   1.9382266e+01   1.9803426e+01   2.0186474e+01
   1.9991659e+01   1.9641828e+01   1.9299754e+01   1.9326166e+01   1.9070943e+01   1.9084834e+01   1.9005002e+01   1.9329912e+01   1.9631744e+01   1.9360936e+01   1.9759323e+01   2.0148907e+01
   1.9968905e+01   1.9635726e+01   1.9294826e+01   1.9318146e+01   1.9062356e+01   1.9080490e+01   1.8997282e+01   1.9322504e+01   1.9611734e+01   1.9340540e+01   1.9715990e+01   2.0111727e+01
   1.9946053e+01   1.9629511e+01   1.9289923e+01   1.9310214e+01   1.9053870e+01   1.9076290e+01   1.8989755e+01   1.9315560e+01   1.9592513e+01   1.9321054e+01   1.9673444e+01   2.0074951e+01
   1.9923115e+01   1.9623182e+01   1.9285047e+01   1.9302369e+01   1.9045484e+01   1.9072216e+01   1.8982405e+01   1.9309044e+01   1.9574049e+01   1.9302454e+01   1.9631697e+01   2.0038599e+01
   1.9900102e+01   1.9616740e+01   1.9280201e+01   1.9294611e+01   1.9037196e+01   1.9068253e+01   1.8975214e+01   1.9302920e+01   1.9556314e+01   1.9284715e+01   1.9590763e+01   2.0002685e+01
   1.9877025e+01   1.9610188e+01   1.9275386e+01   1.9286942e+01   1.9029005e+01   1.9064384e+01   1.8968168e+01   1.9297152e+01   1.9539276e+01   1.9267812e+01   1.9550654e+01   1.9967227e+01
   1.9853896e+01   1.9603526e+01   1.9270603e+01   1.9279359e+01   1.9020908e+01   1.9060594e+01   1.8961251e+01   1.9291705e+01   1.9522906e+01   1.9251720e+01   1.9511380e+01   1.9932240e+01
   1.9830725e+01   1.9596756e+01   1.9265853e+01   1.9271864e+01   1.9012906e+01   1.9056868e+01   1.8954448e+01   1.9286545e+01   1.9507173e+01   1.9236413e+01   1.9472954e+01   1.9897739e+01
   1.9807525e+01   1.9589878e+01   1.9261138e+01   1.9264455e+01   1.9004995e+01   1.9053191e+01   1.8947745e+01   1.9281638e+01   1.9492049e+01   1.9221868e+01   1.9435384e+01   1.9863740e+01
   1.9784306e+01   1.9582894e+01   1.9256459e+01   1.9257133e+01   1.8997176e+01   1.9049549e+01   1.8941128e+01   1.9276951e+01   1.9477504e+01   1.9208057e+01   1.9398680e+01   1.9830256e+01
   1.9761079e+01   1.9575805e+01   1.9251817e+01   1.9249898e+01   1.8989446e+01   1.9045928e+01   1.8934584e+01   1.9272452e+01   1.9463508e+01   1.9194958e+01   1.9362851e+01   1.9797300e+01
   1.9737854e+01   1.9568614e+01   1.9247214e+01   1.9242747e+01   1.8981804e+01   1.9042314e+01   1.8928099e+01   1.9268110e+01   1.9450034e+01   1.9182543e+01   1.9327903e+01   1.9764886e+01
   1.9714644e+01   1.9561321e+01   1.9242649e+01   1.9235683e+01   1.8974250e+01   1.9038694e+01   1.8921662e+01   1.9263894e+01   1.9437052e+01   1.9170789e+01   1.9293845e+01   1.9733026e+01
   1.9691458e+01   1.9553928e+01   1.9238124e+01   1.9228703e+01   1.8966781e+01   1.9035057e+01   1.8915260e+01   1.9259773e+01   1.9424535e+01   1.9159669e+01   1.9260683e+01   1.9701730e+01
   1.9668307e+01   1.9546436e+01   1.9233640e+01   1.9221806e+01   1.8959397e+01   1.9031389e+01   1.8908882e+01   1.9255718e+01   1.9412455e+01   1.9149160e+01   1.9228421e+01   1.9671011e+01
   1.9645201e+01   1.9538848e+01   1.9229198e+01   1.9214994e+01   1.8952096e+01   1.9027678e+01   1.8902516e+01   1.9251702e+01   1.9400785e+01   1.9139235e+01   1.9197065e+01   1.9640878e+01
   1.9622152e+01   1.9531164e+01   1.9224798e+01   1.9208264e+01   1.8944877e+01   1.9023915e+01   1.8896152e+01   1.9247697e+01   1.9389498e+01   1.9129872e+01   1.9166617e+01   1.9611341e+01
   1.9599168e+01   1.9523388e+01   1.9220440e+01   1.9201616e+01   1.8937740e+01   1.9020087e+01   1.8889781e+01   1.9243676e+01   1.9378568e+01   1.9121044e+01   1.9137083e+01   1.9582409e+01
   1.9576259e+01   1.9515519e+01   1.9216126e+01   1.9195048e+01   1.8930682e+01   1.9016185e+01   1.8883392e+01   1.9239613e+01   1.9367969e+01   1.9112728e+01   1.9108463e+01   1.9554091e+01
   1.9553437e+01   1.9507561e+01   1.9211855e+01   1.9188561e+01   1.8923704e+01   1.9012198e+01   1.8876976e+01   1.9235483e+01   1.9357675e+01   1.9104899e+01   1.9080760e+01   1.9526394e+01
   1.9530710e+01   1.9499514e+01   1.9207629e+01   1.9182153e+01   1.8916803e+01   1.9008118e+01   1.8870526e+01   1.9231263e+01   1.9347662e+01   1.9097533e+01   1.9053974e+01   1.9499325e+01
   1.9508088e+01   1.9491382e+01   1.9203446e+01   1.9175824e+01   1.8909980e+01   1.9003936e+01   1.8864032e+01   1.9226929e+01   1.9337906e+01   1.9090607e+01   1.9028105e+01   1.9472890e+01
   1.9485580e+01   1.9483165e+01   1.9199308e+01   1.9169571e+01   1.8903232e+01   1.8999642e+01   1.8857487e+01   1.9222460e+01   1.9328383e+01   1.9084098e+01   1.9003154e+01   1.9447096e+01
   1.9463196e+01   1.9474866e+01   1.9195214e+01   1.9163394e+01   1.8896560e+01   1.8995230e+01   1.8850883e+01   1.9217834e+01   1.9319069e+01   1.9077981e+01   1.8979117e+01   1.9421947e+01
   1.9440944e+01   1.9466486e+01   1.9191164e+01   1.9157292e+01   1.8889961e+01   1.8990691e+01   1.8844216e+01   1.9213031e+01   1.9309943e+01   1.9072234e+01   1.8955994e+01   1.9397448e+01
   1.9418833e+01   1.9458029e+01   1.9187159e+01   1.9151264e+01   1.8883435e+01   1.8986019e+01   1.8837477e+01   1.9208031e+01   1.9300982e+01   1.9066835e+01   1.8933780e+01   1.9373602e+01
   1.9396872e+01   1.9449494e+01   1.9183197e+01   1.9145308e+01   1.8876982e+01   1.8981208e+01   1.8830661e+01   1.9202818e+01   1.9292165e+01   1.9061762e+01   1.8912473e+01   1.9350412e+01
   1.9375069e+01   1.9440886e+01   1.9179279e+01   1.9139423e+01   1.8870600e+01   1.8976251e+01   1.8823764e+01   1.9197373e+01   1.9283471e+01   1.9056991e+01   1.8892069e+01   1.9327881e+01
   1.9353432e+01   1.9432205e+01   1.9175405e+01   1.9133607e+01   1.8864289e+01   1.8971144e+01   1.8816779e+01   1.9191681e+01   1.9274881e+01   1.9052502e+01   1.8872561e+01   1.9306010e+01
   1.9331970e+01   1.9423454e+01   1.9171573e+01   1.9127860e+01   1.8858047e+01   1.8965880e+01   1.8809704e+01   1.9185725e+01   1.9266375e+01   1.9048274e+01   1.8853943e+01   1.9284800e+01
   1.9310690e+01   1.9414635e+01   1.9167783e+01   1.9122180e+01   1.8851874e+01   1.8960457e+01   1.8802534e+01   1.9179493e+01   1.9257935e+01   1.9044285e+01   1.8836210e+01   1.9264252e+01
   1.9289599e+01   1.9405751e+01   1.9164034e+01   1.9116564e+01   1.8845769e+01   1.8954869e+01   1.8795266e+01   1.9172970e+01   1.9249542e+01   1.9040516e+01   1.8819354e+01   1.9244365e+01
   1.9268706e+01   1.9396802e+01   1.9160327e+01   1.9111013e+01   1.8839730e+01   1.8949114e+01   1.8787897e+01   1.9166146e+01   1.9241180e+01   1.9036946e+01   1.8803367e+01   1.9225137e+01
   1.9248016e+01   1.9387792e+01   1.9156659e+01   1.9105523e+01   1.8833759e+01   1.8943188e+01   1.8780424e+01   1.9159008e+01   1.9232831e+01   1.9033556e+01   1.8788240e+01   1.9206568e+01
   1.9227537e+01   1.9378722e+01   1.9153030e+01   1.9100094e+01   1.8827853e+01   1.8937089e+01   1.8772846e+01   1.9151547e+01   1.9224481e+01   1.9030327e+01   1.8773963e+01   1.9188655e+01
   1.9207276e+01   1.9369595e+01   1.9149439e+01   1.9094724e+01   1.8822011e+01   1.8930816e+01   1.8765161e+01   1.9143754e+01   1.9216114e+01   1.9027239e+01   1.8760526e+01   1.9171395e+01
   1.9187239e+01   1.9360413e+01   1.9145885e+01   1.9089411e+01   1.8816234e+01   1.8924367e+01   1.8757368e+01   1.9135621e+01   1.9207716e+01   1.9024276e+01   1.8747918e+01   1.9154783e+01
   1.9167431e+01   1.9351179e+01   1.9142367e+01   1.9084153e+01   1.8810520e+01   1.8917740e+01   1.8749467e+01   1.9127141e+01   1.9199273e+01   1.9021418e+01   1.8736129e+01   1.9138816e+01
   1.9147860e+01   1.9341894e+01   1.9138883e+01   1.9078949e+01   1.8804868e+01   1.8910936e+01   1.8741456e+01   1.9118309e+01   1.9190772e+01   1.9018650e+01   1.8725144e+01   1.9123489e+01
   1.9128530e+01   1.9332560e+01   1.9135432e+01   1.9073796e+01   1.8799279e+01   1.8903955e+01   1.8733337e+01   1.9109118e+01   1.9182202e+01   1.9015954e+01   1.8714953e+01   1.9108795e+01
   1.9109447e+01   1.9323180e+01   1.9132013e+01   1.9068693e+01   1.8793750e+01   1.8896796e+01   1.8725110e+01   1.9099567e+01   1.9173551e+01   1.9013313e+01   1.8705540e+01   1.9094729e+01
   1.9090616e+01   1.9313757e+01   1.9128623e+01   1.9063638e+01   1.8788282e+01   1.8889462e+01   1.8716776e+01   1.9089652e+01   1.9164809e+01   1.9010713e+01   1.8696892e+01   1.9081283e+01
   1.9072042e+01   1.9304292e+01   1.9125262e+01   1.9058629e+01   1.8782874e+01   1.8881953e+01   1.8708337e+01   1.9079371e+01   1.9155966e+01   1.9008138e+01   1.8688994e+01   1.9068451e+01
   1.9053730e+01   1.9294787e+01   1.9121928e+01   1.9053664e+01   1.8777524e+01   1.8874272e+01   1.8699794e+01   1.9068724e+01   1.9147012e+01   1.9005573e+01   1.8681830e+01   1.9056223e+01
   1.9035683e+01   1.9285246e+01   1.9118618e+01   1.9048741e+01   1.8772233e+01   1.8866421e+01   1.8691151e+01   1.9057711e+01   1.9137941e+01   1.9003005e+01   1.8675385e+01   1.9044590e+01
   1.9017907e+01   1.9275670e+01   1.9115332e+01   1.9043858e+01   1.8767000e+01   1.8858403e+01   1.8682409e+01   1.9046334e+01   1.9128745e+01   1.9000419e+01   1.8669642e+01   1.9033545e+01
   1.9000405e+01   1.9266061e+01   1.9112067e+01   1.9039013e+01   1.8761824e+01   1.8850221e+01   1.8673572e+01   1.9034594e+01   1.9119416e+01   1.8997803e+01   1.8664583e+01   1.9023075e+01
   1.8983180e+01   1.9256422e+01   1.9108821e+01   1.9034203e+01   1.8756704e+01   1.8841879e+01   1.8664643e+01   1.9022496e+01   1.9109949e+01   1.8995145e+01   1.8660190e+01   1.9013171e+01
   1.8966236e+01   1.9246755e+01   1.9105593e+01   1.9029427e+01   1.8751639e+01   1.8833381e+01   1.8655627e+01   1.9010044e+01   1.9100340e+01   1.8992432e+01   1.8656446e+01   1.9003822e+01
   1.8949576e+01   1.9237062e+01   1.9102379e+01   1.9024683e+01   1.8746630e+01   1.8824733e+01   1.8646527e+01   1.8997244e+01   1.9090583e+01   1.8989652e+01   1.8653332e+01   1.8995015e+01
   1.8933203e+01   1.9227346e+01   1.9099178e+01   1.9019969e+01   1.8741675e+01   1.8815938e+01   1.8637347e+01   1.8984101e+01   1.9080675e+01   1.8986796e+01   1.8650827e+01   1.8986739e+01
   1.8917119e+01   1.9217608e+01   1.9095987e+01   1.9015281e+01   1.8736773e+01   1.8807003e+01   1.8628094e+01   1.8970622e+01   1.9070615e+01   1.8983853e+01   1.8648913e+01   1.8978980e+01
   1.8901327e+01   1.9207852e+01   1.9092805e+01   1.9010619e+01   1.8731925e+01   1.8797934e+01   1.8618773e+01   1.8956817e+01   1.9060399e+01   1.8980814e+01   1.8647568e+01   1.8971726e+01
   1.8885828e+01   1.9198078e+01   1.9089628e+01   1.9005979e+01   1.8727129e+01   1.8788737e+01   1.8609388e+01   1.8942695e+01   1.9050026e+01   1.8977669e+01   1.8646772e+01   1.8964961e+01
   1.8870625e+01   1.9188290e+01   1.9086454e+01   1.9001360e+01   1.8722385e+01   1.8779418e+01   1.8599946e+01   1.8928265e+01   1.9039497e+01   1.8974410e+01   1.8646503e+01   1.8958673e+01
   1.8855718e+01   1.9178490e+01   1.9083282e+01   1.8996759e+01   1.8717691e+01   1.8769985e+01   1.8590453e+01   1.8913538e+01   1.9028811e+01   1.8971030e+01   1.8646739e+01   1.8952845e+01
   1.8841109e+01   1.9168679e+01   1.9080107e+01   1.8992174e+01   1.8713048e+01   1.8760446e+01   1.8580915e+01   1.8898527e+01   1.9017970e+01   1.8967520e+01   1.8647459e+01   1.8947463e+01
   1.8826800e+01   1.9158860e+01   1.9076928e+01   1.8987603e+01   1.8708455e+01   1.8750808e+01   1.8571341e+01   1.8883244e+01   1.9006974e+01   1.8963874e+01   1.8648639e+01   1.8942510e+01
   1.8812789e+01   1.9149035e+01   1.9073741e+01   1.8983044e+01   1.8703911e+01   1.8741079e+01   1.8561736e+01   1.8867703e+01   1.8995828e+01   1.8960087e+01   1.8650257e+01   1.8937970e+01
   1.8799079e+01   1.9139207e+01   1.9070545e+01   1.8978493e+01   1.8699416e+01   1.8731268e+01   1.8552108e+01   1.8851918e+01   1.8984534e+01   1.8956152e+01   1.8652289e+01   1.8933827e+01
   1.8785669e+01   1.9129377e+01   1.9067336e+01   1.8973950e+01   1.8694968e+01   1.8721384e+01   1.8542465e+01   1.8835904e+01   1.8973096e+01   1.8952065e+01   1.8654711e+01   1.8930063e+01
   1.8772559e+01   1.9119548e+01   1.9064111e+01   1.8969411e+01   1.8690567e+01   1.8711435e+01   1.8532815e+01   1.8819678e+01   1.8961519e+01   1.8947821e+01   1.8657500e+01   1.8926661e+01
   1.8759749e+01   1.9109721e+01   1.9060868e+01   1.8964875e+01   1.8686213e+01   1.8701433e+01   1.8523165e+01   1.8803256e+01   1.8949808e+01   1.8943416e+01   1.8660630e+01   1.8923602e+01
   1.8747238e+01   1.9099899e+01   1.9057603e+01   1.8960338e+01   1.8681905e+01   1.8691386e+01   1.8513526e+01   1.8786655e+01   1.8937969e+01   1.8938848e+01   1.8664077e+01   1.8920869e+01
   1.8735025e+01   1.9090083e+01   1.9054314e+01   1.8955799e+01   1.8677641e+01   1.8681305e+01   1.8503904e+01   1.8769895e+01   1.8926008e+01   1.8934114e+01   1.8667816e+01   1.8918442e+01
   1.8723109e+01   1.9080276e+01   1.9050998e+01   1.8951255e+01   1.8673422e+01   1.8671199e+01   1.8494308e+01   1.8752994e+01   1.8913934e+01   1.8929211e+01   1.8671822e+01   1.8916303e+01
   1.8711489e+01   1.9070480e+01   1.9047651e+01   1.8946705e+01   1.8669247e+01   1.8661081e+01   1.8484749e+01   1.8735971e+01   1.8901754e+01   1.8924138e+01   1.8676069e+01   1.8914433e+01
   1.8700163e+01   1.9060697e+01   1.9044271e+01   1.8942145e+01   1.8665115e+01   1.8650959e+01   1.8475235e+01   1.8718847e+01   1.8889476e+01   1.8918895e+01   1.8680531e+01   1.8912811e+01
   1.8689129e+01   1.9050928e+01   1.9040854e+01   1.8937573e+01   1.8661026e+01   1.8640846e+01   1.8465775e+01   1.8701642e+01   1.8877110e+01   1.8913480e+01   1.8685184e+01   1.8911418e+01
   1.8678385e+01   1.9041176e+01   1.9037398e+01   1.8932987e+01   1.8656978e+01   1.8630754e+01   1.8456379e+01   1.8684378e+01   1.8864666e+01   1.8907894e+01   1.8690000e+01   1.8910233e+01
   1.8667930e+01   1.9031442e+01   1.9033899e+01   1.8928386e+01   1.8652971e+01   1.8620692e+01   1.8447056e+01   1.8667078e+01   1.8852153e+01   1.8902138e+01   1.8694954e+01   1.8909237e+01
   1.8657759e+01   1.9021729e+01   1.9030354e+01   1.8923766e+01   1.8649004e+01   1.8610674e+01   1.8437817e+01   1.8649763e+01   1.8839584e+01   1.8896213e+01   1.8700019e+01   1.8908408e+01
   1.8647871e+01   1.9012038e+01   1.9026760e+01   1.8919125e+01   1.8645077e+01   1.8600711e+01   1.8428671e+01   1.8632456e+01   1.8826968e+01   1.8890120e+01   1.8705169e+01   1.8907726e+01
   1.8638263e+01   1.9002371e+01   1.9023114e+01   1.8914461e+01   1.8641189e+01   1.8590814e+01   1.8419628e+01   1.8615181e+01   1.8814318e+01   1.8883862e+01   1.8710377e+01   1.8907170e+01
   1.8628931e+01   1.8992729e+01   1.9019413e+01   1.8909772e+01   1.8637339e+01   1.8580997e+01   1.8410699e+01   1.8597962e+01   1.8801647e+01   1.8877442e+01   1.8715618e+01   1.8906718e+01
   1.8619871e+01   1.8983115e+01   1.9015654e+01   1.8905056e+01   1.8633526e+01   1.8571272e+01   1.8401892e+01   1.8580822e+01   1.8788966e+01   1.8870863e+01   1.8720864e+01   1.8906350e+01
   1.8611080e+01   1.8973530e+01   1.9011833e+01   1.8900310e+01   1.8629751e+01   1.8561650e+01   1.8393220e+01   1.8563788e+01   1.8776291e+01   1.8864128e+01   1.8726089e+01   1.8906044e+01
   1.8602555e+01   1.8963977e+01   1.9007947e+01   1.8895533e+01   1.8626011e+01   1.8552145e+01   1.8384691e+01   1.8546883e+01   1.8763633e+01   1.8857243e+01   1.8731267e+01   1.8905779e+01
   1.8594291e+01   1.8954455e+01   1.9003994e+01   1.8890722e+01   1.8622306e+01   1.8542768e+01   1.8376316e+01   1.8530132e+01   1.8751008e+01   1.8850211e+01   1.8736372e+01   1.8905532e+01
   1.8586283e+01   1.8944968e+01   1.8999970e+01   1.8885875e+01   1.8618636e+01   1.8533533e+01   1.8368106e+01   1.8513562e+01   1.8738429e+01   1.8843038e+01   1.8741377e+01   1.8905284e+01
   1.8578528e+01   1.8935516e+01   1.8995872e+01   1.8880990e+01   1.8614999e+01   1.8524451e+01   1.8360069e+01   1.8497198e+01   1.8725912e+01   1.8835729e+01   1.8746256e+01   1.8905012e+01
   1.8571021e+01   1.8926102e+01   1.8991697e+01   1.8876065e+01   1.8611396e+01   1.8515537e+01   1.8352218e+01   1.8481066e+01   1.8713471e+01   1.8828291e+01   1.8750983e+01   1.8904694e+01
   1.8563756e+01   1.8916726e+01   1.8987442e+01   1.8871098e+01   1.8607825e+01   1.8506801e+01   1.8344561e+01   1.8465191e+01   1.8701123e+01   1.8820730e+01   1.8755533e+01   1.8904310e+01
